2812413897
2841888298
2831329680
2750851213
2844833502
2845424411
2778329042
2843092211
2832816440
2849978383
2841977629
2844689045
2844915934
2851008957
2842141206
2801756664
2842015325
2849920189
2830964814
2850561017
2846612482
2764861760
2841614710
2852512725
2844655209
2809463247
2782848518
2842952994
2842848456
2849312854
2832873003
2850963354
2847130028
2754837442
2844360546
2845387937
2851699624
2750603357
2723275110
2852055726
2793588977
2844617261
2851595356
2826783273
2763323200
2841902292
2782337339
2849977198
2772945770
2750777943
2736740408
2840330919
2847038353
2766391377
2780410994
2831255176
2771118197
2796991935
2852233506
2845225246
2845433955
2810865229
2839622170
2772063981
2845350750
2851964881
2832141815
2846153104
2763243271
2852794990
2760783131
2851133609
2851163033
2809170156
2749284075
2850930850
2847739242
2743515825
2851079695
2803520544
2847964809
2841833790
2833903211
2847356853
2755415066
2839174235
2844401077
2848103299
2708929618
2845859718
2757953323
2843377651
2832848427
2849937706
2765195066
2848466654
2851166203
2846579187
2851617938
2847753845
2831200292
2758119001
2773419993
2845279063
2845410539
2832406153
2832750892
2739097274
2843349897
2843371875
2851193262
2848273126
2843099866
2760295286
2757707144
2835358245
2844907093
2845299399
2697685694
2844393307
2840273506
2851087719
2832661204
2771446090
2810158585
2740530339
2773006162
2848523182
2851731131
2756366243
2844516843
2846469178
2847992669
2845428580
2843410535
2849980969
2786258184
2761707782
2850457654
2851115485
2847104059
2837694573
2787083329
2840729145
2806483041
2831391897
2760743818
2842142995
2845196991
2847708121
2849701515
2847467512
2832224514
2845058804
2827627371
2810246362
2847142794
2787131942
2760848527
2832840748
2845049935
2851728307
2760210717
2847784145
2801517869
2841565943
2768145717
2842019800
2838069851
2851178865
2758193782
2847942860
2849287597
2841372491
2748191783
2812307109
2819673460
2851984320
2850538649
2847968069
2838327333
2750879289
2767220703
2829678547
2849367309
2842975664
2848557855
2772103491
2841577020
2852156133
2847071121
2851150040
2851020226
2843519169
2848680270
2852489243
2841936534
2849138805
2837833791
2832493844
2810435559
2843425529
2849996297
2706794261
2786685366
2850913921
2759046965
2839988943
2846612242
2814228183
2819108478
2837779489
2835375077
2761354300
2762804823
2846617054
2760703918
2836338988
2749765989
2848680527
2837802768
2829082106
2849534476
2735239471
2845177189
2850529876
2712125666
2840245393
2805526807
2849290902
2844882453
2837747778
2846191871
2850425735
2832695736
2836383503
2838081616
2846652332
2771585640
2840449597
2843104930
2846484793
2827586058
2845530689
2852079519
2833003265
2764377947
2829168689
2840269779
2801705150
2844941565
2844376513
2760205103
2845441326
2778341693
2808365047
2766799436
2845196853
2846667861
2801479178
2832727080
2711384629
2762724557
2849659285
2844900912
2852162663
2851706751
2848262641
2845262486
2841002931
2768406654
2847134928
2844790206
2766646550
2841327199
2809342636
2850647467
2767274411
2836727072
2851098912
2762830134
2764809600
2840261528
2706350316
2841283153
2851491616
2848026243
2843103169
2748116981
2812163371
2840794237
2844702781
2735147018
2707994710
2851008406
2846509479
2848518545
2841084899
2844347549
2839533062
2703152994
2733382206
2697599835
2838438586
2845323727
2836051192
2790853185
2838115009
2843088074
2845028916
2851197946
2750668370
2779255040
2714805500
2839578102
2814272421
2843096274
2832428376
2848048648
2849709204
2759868627
2840796431
2758145360
2844286776
2852326321
2850534831
2844331474
2767214504
2841916165
2832940531
2808619701
2851164454
2847213908
2765575119
2829692051
2848099719
2845076671
2809706445
2764365983
2837897650
2771611143
2745423505
2827821111
2841320434
2830942732
2772978979
2852842814
2798232909
2840826023
2764807159
2832442240
2843314803
2809502962
2810071547
2844762287
2847821626
2845358768
2836995256
2847320106
2844573116
2727410246
2852141708
2852716817
2848543935
2832509547
2850462709
2847877785
2779260455
2843118637
2799662682
2851205958
2744191390
2842144825
2754884054
2842148873
2850466605
2844845898
2766389598
2851040634
2848002712
2841846221
2851666656
2849177064
2845901995
2829675473
2766907939
2837163436
2827904891
2831292817
2786218021
2798248790
2851888019
2849955570
2851061691
2843394178
2845216586
2852193074
2695626812
2789943169
2695607497
2783722501
2844915829
2851624476
2847437106
2809381834
2793637019
2839861647
2725579840
2851879222
2801281180
2839784687
2696364782
2837106570
2843126739
2836489045
2840278672
2845309040
2850625098
2807857965
2842904584
2781438445
2764789739
2831189477
2846504791
2772982586
2841892199
2848374088
2695540253
2838901493
2767100979
2753354913
2758254439
2852115630
2849225898
2839729868
2730560473
2781484464
2777965043
2850427636
2845395144
2755438282
2700942182
2848106140
2782840905
2851343727
2845242781
2782852153
2848021242
2832182689
2832454421
2841733678
2759085280
2749308315
2847253178
2839355026
2841839362
2847069660
2846593856
2835379944
2839301980
2810630548
2849161099
2849510356
2756647447
2846441639
2852342591
2839833292
2847975587
2735903978
2843444369
2778320582
2849231789
2759408856
2844933750
2841630661
2847082795
2849144056
2761316637
2836963389
2839800972
2749794277
2840874316
2752514477
2848702692
2843004661
2842063633
2757754824
2710652816
2851339574
2752476691
2757766718
2842025893
2803704526
2846523978
2727422558
2844265503
2848031259
2790752580
2801801991
2744557621
2750834495
2835832547
2851204090
2809135993
2758307001
2848706690
2730618932
2841992017
2847780924
2831152680
2849968109
2805796156
2845390867
2852344347
2764326839
2841049675
2845177870
2846631941
2851071352
2799812842
2787513840
2832852938
2803540765
2845875760
2735199406
2846555594
2832170363
2758251860
2851200918
2808668630
2829208652
2849508281
2776157264
2844546533
2697671297
2848705013
2805779791
2757969696
2844363796
2847155435
2843500213
2838094615
2851551609
2845928527
2847096913
2837624581
2840029756
2847463061
2848268222
2846438693
2847270229
2849690109
2844650937
2786275264
2764965627
2844627750
2708020409
2850365866
2840690577
2850479395
2851803199
2805533540
2749817397
2812059594
2778000450
2850134687
2843124233
2849650638
2852204221
2852088141
2838617603
2809122996
2830956550
2786303295
2827612352
2839343197
2849202920
2848100576
2843070700
2847982121
2839196501
2695458458
2845074729
2846540713
2697710238
2695718216
2756217767
2844420225
2838089122
2744195263
2852167692
2767060045
2844888908
2842171726
2851228239
2832176709
2851039427
2845189214
2840219600
2769257007
2825137023
2837730318
2696704864
2755089257
2797595676
2851139310
2850490528
2758163955
2844717746
2750652051
2832307637
2848086284
2747922308
2760833151
2850988167
2849983914
2840574484
2846462479
2847463227
2750626409
2851105499
2844865625
2843150515
2845299182
2835362578
2813357906
2832886679
2846066798
2852765296
2844629646
2831362410
2839215895
2744231340
2851048138
2753564667
2832319660
2850641032
2851151256
2850409188
2848688546
2825443883
2780894809
2844601968
2832822763
2843898602
2849758969
2797586826
2735259143
2838796281
2848267437
2845444461
2698323517
2836658494
2846666492
2761956911
2847767156
2774172999
2847427365
2846096692
2706362339
2749734859
2843607506
2799106544
2850864831
2846512794
2833932229
2850437604
2851604245
2851030337
2703325697
2846070003
2840452494
2851750879
2829206066
2848249736
2750566994
2843591850
2736004355
2845319457
2753791621
2735215272
2745450978
2838833300
2845233770
2836924561
2845279113
2772028063
2841915261
2848164680
2771618301
2851123538
2849606962
2839157972
2807832880
2850624118
2846587306
2847824734
2796995435
2713714721
2763279751
2769909512
2765220977
2845305126
2849967302
2839737011
2837773505
2849730240
2837722640
2839173666
2851734711
2847061961
2697616407
2744044582
2728666623
2843566507
2847116653
2808469753
2760726479
2760772511
2850393795
2769000275
2848404696
2763782155
2851186500
2844642435
2849974984
2812662698
2849568826
2845325777
2847810982
2852345850
2848068838
2810277922
2830980333
2849966183
2848299132
2832569305
2827241574
2810879369
2724616904
2847860361
2718477396
2845363963
2846710025
2839200088
2812639978
2832174122
2810338464
2848953333
2850455109
2851116125
2705341902
2832210279
2840777896
2722237608
2763312993
2786695090
2846724256
2844861303
2844919565
2779573384
2749336635
2850057110
2849380673
2843893151
2838332034
2764410229
2840056393
2851189529
2839146937
2695694215
2832970231
2703425309
2844305499
2846693853
2848045094
2837910107
2827206521
2850469760
2851936395
2845293672
2842980540
2845336355
2849989845
2831757500
2696032677
2851497861
2749359838
2724497997
2750590474
2849682579
2845454176
2780384731
2768903024
2839189646
2848553344
2697696955
2847079857
2759997958
2848567558
2842051383
2844656064
2719068754
2780035884
2843345781
2841336562
2844157975
2832217982
2844236949
2830949595
2847118981
2762854853
2746254874
2758231588
2755375701
2839311772
2730594142
2804021746
2725498258
2850411899
2844356288
2792973491
2744623178
2758294702
2851012279
2833041791
2849998492
2841942588
2763219285
2849347278
2847157678
2790758638
2700404232
2829220587
2832529529
2755083005
2846691178
2848529768
2851904550
2835901866
2835914378
2842175649
2848283722
2844710051
2707987621
2832213100
2844608422
2846539347
2849347188
2808674033
2850804782
2767064285
2843508506
2755157760
2778328293
2844894195
2801262535
2852596263
2843779581
2796969459
2727127218
2695576547
2793683863
2832987161
2848981315
2840163457
2844419754
2847394663
2699080426
2841914339
2847794850
2831352655
2846610408
2852030964
2846577381
2850453189
2832826919
2846601721
2763273884
2748353392
2846616908
2849826603
2723300832
2850364534
2753304000
2735972988
2847436956
2829212277
2844551040
2752699267
2842942333
2744027208
2700330203
2836415221
2845436666
2768950583
2832238738
2846696370
2831228166
2852395046
2844680423
2851920111
2843103764
2852369410
2844756362
2846643390
2846703857
2831299334
2808653977
2844736165
2837025123
2841040474
2763912001
2843358417
2836411731
2837055929
2770935245
2750528729
2754829544
2853547845
2778335618
2841046411
2695654856
2819135441
2697693454
2786722891
2841550606
2749323386
2851816922
2847290294
2847399567
2832526992
2810064138
2836417410
2832183085
2844876261
2767225222
2763222261
2844808634
2846664605
2852131170
2841942672
2852237648
2760765506
2845946114
2836818158
2844640000
2753652175
2851200231
2847652930
2768211794
2846586132
2760025516
2848050495
2848504126
2768185812
2767210899
2748146537
2777322522
2801754492
2725930795
2845205878
2852042675
2827642728
2768354983
2847179437
2736013472
2843624103
2842045464
2761417634
2839797260
2753596702
2849364195
2761355467
2844333776
2845270022
2841963841
2848232759
2759079276
2847068768
2744524970
2845035509
2836980801
2847355700
2846648913
2851206868
2744609821
2846438552
2851424986
2852142130
2852104107
2761954840
2851649311
2848568710
2831430054
2698267121
2851498347
2825424423
2852224763
2847074532
2832096448
2849816138
2780899413
2727087499
2851515942
2797244039
2849511941
2849909116
2840304084
2799751096
