236279810
37609479
47470599
244342804
229251095
205758489
32634910
232288289
217856038
239595559
235800615
33253418
208988210
244469812
219566134
235706423
44912707
214786118
33589322
40405071
216590417
50626644
49932373
45879381
229421149
46219360
32223338
209281132
32352369
220278900
215228537
205416582
201365642
209987726
43288725
37148823
200198301
34836638
50188454
32460967
45166758
206979238
31641777
44650674
227162296
226281656
214859963
38133949
200609987
219095242
231534802
209715418
209385692
211661023
203284704
221941986
40667365
227809510
219277549
38031605
227295479
226998521
34052349
37832961
35197193
235149580
235587855
35053841
210690323
50069787
38816027
212185385
205873449
37599532
203964720
202168629
39743798
204347706
208709957
205699411
235718997
235110746
200151396
35019126
203637112
238897529
35176829
45128068
35420549
233576839
208601483
211655060
38412698
39739802
39459238
43391398
38850984
240046515
41363892
96694
43434425
205273531
233263557
32154055
32944583
201175498
201632203
226941398
239491544
236728793
202301914
232528349
202195423
210121185
33702386
212808180
205588988
218716670
210573826
233785867
34517518
212245010
215300630
210893339
42902048
202361388
204833345
46420553
178762
206277200
32799317
44139096
220789353
237453930
34687596
245066353
230224506
214362753
214444683
200321676
228121235
41290390
233732764
207227553
44507816
204118697
34675382
226843324
218481343
229702337
205656787
232600276
32268281
227279582
39887585
385762
205566702
235625199
211460869
44925707
226876172
209324816
48276247
213033753
37002011
203973412
44503846
208605991
39736104
213318448
48216885
51446585
233569086
203379520
45089605
202120012
216822607
230601561
236221273
50367325
34126688
35713890
41769828
51352421
45869926
48415596
212171629
231732079
243143547
227509120
228979585
204223371
50213772
208677773
41767822
236651412
232059802
218676125
202750877
34882466
209716134
32263080
209066931
37766077
201644995
32349125
232858567
227871701
45366243
208985061
231195623
215876587
37377003
206531565
50289647
228889586
241464309
33987587
230976516
209390597
48929804
229895191
47830040
207227928
33418263
204614689
48804898
231236646
215647272
232813612
47090734
231060547
34591814
215360584
216007754
36484177
36953169
33619037
206822497
235000931
214813798
200053863
42003564
227005549
220566643
229014653
33836161
219006097
42425490
201290919
40740008
48694443
34059438
242017457
207236275
38329531
218375356
243657918
237548735
33805508
237614277
227376325
231992521
227910863
44651731
220255445
230616278
333016
32986329
210951388
231804126
49278177
47348963
238415084
229623022
232826098
230206716
38673662
231718143
34999550
207095045
237608201
214541581
42910992
221699353
36320540
39767326
211520802
42767657
201624873
234577193
152882
241993011
213120311
31984954
42583355
210341182
231789902
40398161
45057365
212217176
217204064
232359267
239175028
45477238
212032888
140667
44297600
36988305
217705875
235122068
210371990
202362263
228015511
227188129
213073314
215668130
203050405
207029669
33062325
48725433
45655490
219811272
208399817
50023884
204748238
237596116
36216280
40234460
230077917
35642846
37570016
232490466
231187950
234552815
43283951
36515314
230383095
48680442
228793855
42014208
34840065
216137222
221574668
38037007
37836308
227239460
34147876
42921509
215021109
221599286
237915702
209448513
50218562
36793925
50110023
36681291
44455502
36243025
202524242
238677586
205010517
224854
41827931
200289885
40906341
231296615
47521387
210413163
36486775
32024189
34033278
204955265
35047043
42278540
214331032
35335839
227014308
48866989
32556724
216524468
35909316
450249
220565196
233658063
229543634
237139668
42704596
200181462
227948251
229781215
231614177
44562153
230139632
220675825
222050034
200087283
31624946
37551865
36773625
200128264
228077320
206769932
221333263
233189139
34529052
41774879
40879903
204873512
32175915
35145517
227516205
227860270
211308343
49571642
202565437
237209413
203673414
38635360
206966624
296803
32692071
228126570
232623984
235313009
234805105
46921603
226119561
228820874
36534156
237836176
205950868
212324246
215793559
432030
50694057
201066411
230272939
44335021
207636400
201316275
45709239
42491833
208033736
34162638
235478
34160599
50405336
35311579
46139355
31795165
38764514
219791333
35989477
38457330
227799028
42758137
38326271
