2848135168
2808496128
2843242506
2854756363
2852366348
2842486797
2841149457
2851272727
2837229595
2851903517
2847756320
2807361573
2848217127
2854135850
2851766314
2823538734
2825357360
2853113904
2852309042
2834133044
2838069306
2852988986
2847696957
2839777343
2807203903
2832926786
2849443907
2854801475
2852237379
2853644354
2850099271
2848272451
2822649930
2849423435
2854766670
2829312079
2848204885
2851272789
2854643799
2824196184
2851713113
2854187097
2834702423
2853066846
2851264607
2819328097
2850488418
2850809957
2834128998
2851639398
2851280999
2824589417
2851876971
2822869101
2842105975
2847703160
2837543037
2824284286
2848166013
2831923325
2841176204
2853367949
2850121872
2852210832
2847096979
2844901528
2836015259
2844428446
2841753760
2829422753
2829013159
2853527721
2849331370
2852634797
2849484975
2839771312
2853001391
2852255922
2832971954
2814685364
2848706744
2812332220
2849376446
2838059201
2849118405
2838108358
2839240904
2814109897
2823626954
2832892106
2854097099
2841118929
2853710033
2850531539
2839115990
2812870874
2832343259
2812954846
2832855263
2852286689
2833676514
2833635558
2852229351
2843179240
2830360812
2839079150
2823571695
2853464306
2849165563
2849784060
2853040381
2852196605
2847387903
2824302850
2834092290
2842482946
2841710854
2831939850
2848121103
2850124050
2841071890
2834084116
2845591829
2808615189
2838202649
2854179098
2853427484
2813884704
2854111525
2832005414
2854732071
2849999143
2852974892
2852665646
2814626095
2853640511
2839427392
2854822209
2851377476
2849442117
2839509316
2849265991
2842675528
2852002121
2849280330
2832900428
2819578190
2850423122
2841239892
2825333083
2822555996
2824200541
2852933980
2843740510
2820686174
2837645665
2848688481
2853521767
2812778858
2851783019
2823580012
2837580140
2850484596
2851748213
2839701878
2839046520
2841876858
2853003644
2854660477
2812776831
2853165440
2825361794
2850644355
2832456073
2823094672
2823027088
2854125972
2852336022
2854171036
2848704927
2848938401
2850372001
2853249443
2847072676
2847656356
2854703529
2853091753
2852313515
2850480560
2849227185
2852323764
2852948404
2833613238
2844578235
2851252667
2834100670
2853820865
2850410946
2850476484
2823037382
2852317640
2853667278
2849419729
2823496146
2838331860
2839153112
2813333976
2853497306
2852987355
2822582752
2831612388
2849984996
2843503079
2841020905
2854521325
2852319726
2851883501
2848412144
2854019570
2816365048
2844875259
2854064637
2851250689
2848449026
2849311243
2849272331
2851164685
2837559822
2853595665
2817145363
2852792854
2834285080
2839157273
2852274713
2851557915
2842671643
2839683612
2830367263
2849139232
2837563937
2841276966
2853534249
2854162992
2827303481
2851754555
2849417789
2850492989
2841694783
2825398848
2853612103
2840445512
2849309260
2839175757
2822621775
2853556816
2851226191
2816850523
2849471071
2839054946
2853663338
2852246123
2853634668
2852936300
2852612721
2850558578
2822955635
2849960564
2838248053
2853716597
2825349754
2849755772
2822863490
2829826693
2853657224
2854777484
2848262799
2828974739
2848967316
2821276307
2853560982
2841164450
2853579427
2853616292
2832851621
2840152743
2853589677
2841033390
2852879025
2854038194
2851375793
2852321975
2851230393
2848232121
2840367804
2832050877
2854083264
2831952579
2839399108
2837617348
2832878278
2822585031
2848492233
2815339211
2851803855
2852311760
2851642065
2823537362
2824891089
2812783319
2850011865
2813881051
2824241884
2854722269
2853804767
2853110496
2850487008
2848994019
2851678950
2825335532
2843192045
2824755949
2824041200
2812691190
2815533815
2839065336
2823527160
2832913146
2810442487
2847433470
2851232518
2844482311
2854578960
2852309780
2851838741
2849211158
2852162330
2849217308
2841146142
2852485919
2825194272
2851685151
2853935906
2854011683
2851304226
2850194214
2830291753
2853684013
2849352499
2839657268
2837426997
2817729331
2817174329
2838133562
2832853824
2851908417
2843677504
2849370947
2825390916
2812797763
2850106183
2849823563
2811095883
2823643982
2851248977
2847339346
2851277655
2841191256
2846675801
2853573464
2824266588
2850401116
2849405791
2848949089
2852991845
2846616422
2851300199
2853266283
2832941932
2809275245
2853405550
2852930415
2840761198
2852242285
2812574578
2852211568
2824049524
2854275957
2814040952
2849991545
2845334394
2826863484
2839163773
2849672063
2839145344
2824389516
2845907855
2848867216
2839708566
2849035160
2850425755
2854146976
2812617633
2847122340
2841107367
2834246568
2853366698
2854218668
2839503788
2853053359
2822597557
2843745205
2849952695
2818689977
2835960766
2847091647
2833671106
2851218374
2831958983
2851781576
2808753095
2850462665
2853006284
2850315217
2851279827
2849412055
2843841495
2849436638
2842481631
2807528415
2822566881
2850892769
2840986594
2851687397
2841125863
2824604648
2853166058
2848535535
2814323696
2848107505
2814647282
2833945590
2854200320
2853786630
2852258822
2809269256
2831778825
2852246541
2845910032
2832892944
2825413651
2852269077
2851822614
2851623959
2848556056
2839313437
2850636835
2841197604
2838701093
2830662705
2824578098
2851963956
2847056951
2853827639
2832329787
2825376829
2852990014
2822243393
2841691202
2846667843
2840790084
2835973197
2850747469
2821282898
2853872723
2852267091
2841726037
2845361237
2851765331
2852901979
2851263582
2838213734
2823521383
2849358952
2852916326
2852340843
2851206251
2849154161
2853053555
2851302516
2849508470
2832903288
2825319545
2851286139
2833626236
2850483328
2845181057
2853954692
2853139592
2823795852
2851212431
2852295825
2849709202
2819773585
2844462232
2849395865
2841214104
2850030752
2810041506
2851857574
2831191209
2843464879
2808771761
2848980146
2853749939
2851675316
2854198453
2849989813
2807375029
2849164475
2854231228
2852228284
2849092798
2848683202
2849365187
2849957060
2845119685
2851093709
2824033486
2819339476
2851036372
2833640662
2841122019
2830548195
2838760678
2832938219
2822651118
2823011568
2839360759
2839674104
2812790008
2854251776
2822644993
2850489601
2831615239
2846289163
2838101266
2839051542
2852967712
2851720482
2851634472
2849727785
2854171946
2833769769
2815460657
2845390131
2819458359
2849336632
2853754174
2849393985
2852238661
2850489673
2849649994
2838259019
2842410317
2853659986
2851818835
2838173012
2833620314
2850157915
2854176097
2838082914
2849119590
2849504616
2821268841
2854544746
2850282858
2850866540
2850889072
2845148529
2853018995
2839754102
2831934841
2851122553
2841314683
2853303676
2838187391
2839225728
2841712002
2837775754
2832848268
2853397902
2829849998
2816343441
2853139860
2834122134
2832887193
2843762078
2839741856
2852941222
2854174121
2841705899
2853025196
2837546413
2845066672
2841773489
2854759859
2817125813
2811766199
2835449273
2819448250
2847073726
2839760321
2851769798
2831168966
2850477513
2850497995
2853088716
2833888717
2837226958
2845875664
2847364564
2845851093
2848689626
2848892378
2854067676
2851956186
2854139360
2851853794
2852398563
2848228838
2822272491
2834666991
2849977843
2849336820
2848771572
2834087414
2833647097
2838617594
2849545724
2849392126
2852863489
2808505860
2852001290
2817779210
2822563343
2838066703
2851788307
2851868181
2853027350
2853084694
2849420825
2847692314
2853350937
2842414617
2834167323
2851376671
2808755744
2845935137
2850825762
2832070177
2850901541
2845681190
2812888615
2852963877
2846653995
2848699947
2829379116
2833673774
2851276337
2854735411
2851780147
2837640757
2853115446
2824347189
2816812597
2851077690
2853180989
2852189758
2847118911
2839436863
2824611397
2851817034
2852988495
2845179473
2850535002
2817746525
2822217310
2850035296
2847333984
2854164067
2849904230
2854145638
2850336359
2851815018
2822579820
2854256236
2849592940
2844741229
2852511344
2837624432
2852404846
2841751157
2847078006
2831910519
2851356281
2843201147
2852167295
2817201791
2807359106
2854184583
2849263241
2841867916
2853756560
2854194834
2853318291
2808534678
2850752152
2851774104
2824062618
2831160991
2823433892
2809251495
2850301610
2839465650
2848767668
2841104053
2852298422
2817760949
2831888057
2852812478
2831197891
2850533060
2848790213
2836008650
2818741965
2845880015
2852318927
2809229009
2848345811
2846607059
2833657555
2812792535
2850258649
2853576411
2849388252
2848231134
2851129057
2852269799
2854790888
2834095849
2849302248
2815366893
2848468720
2851692275
2824230645
2854090485
2843031290
2847377147
2850029308
2808792833
2852962050
2847899395
2851362564
2833907461
2829328132
2851768068
2854270728
2850746122
2825426698
2852302605
2848139022
2852235022
2843182864
2810445590
2849261338
2807334683
2852230942
2837810979
2824318758
2827753259
2838124338
2833702706
2816403250
2822625079
2849206076
2848188237
2832357197
2834069327
2839191376
2837737297
2851819345
2832609107
2824064857
2837622618
2824626016
2809284452
2853568356
2823620456
2837596014
2850377582
2847371121
2835453811
2852618100
2832363390
2830563199
2850533250
2823163782
2845091718
2837229450
2848180107
2836002716
2824054690
2815448995
2849437605
2834110373
2848561061
2843725740
2843228078
2822082479
2841057200
2854791089
2843166644
2851782583
2825932728
2850371513
2841757626
2852771770
2824650688
2830309319
2830819275
2842419153
2818717649
2839070675
2851651537
2838132695
2807244763
2851794912
2841149409
2851880928
2854232041
2850033643
2850072555
2851198957
2831212523
2843168751
2853300208
2851807217
2819033074
2831124469
2849398776
2851833852
2850455550
