39137616
203497296
42740926
228563512
1961288950581408
220278900
219450798
209104199
230049446
36562020
51393498
228873196
46542762
40353111
225797506
201281025
31939528
200754863
214640354
33177383
208739349
226023539
44778520
236822077
205010517
239137349
215946183
201786709
50939503
231464044
37570016
461201
211169709
234206415
235644161
39929756
44455502
240469470
229745651
40080184
42472472
32625640
34118577
233576839
211971145
232410261
237915702
232473406
205769871
230896902
232057776
213763384
216552977
233329157
217347816
50098212
210451220
242183767
38365783
47568083
39746070
203319370
34474522
48340994
210794059
202433954
217526874
39512372
41053264
204614584
208467665
219302299
215118287
202670271
227926690
35343337
200800159
211735011
200555130
227799028
209942931
235417333
212217176
216037603
208013123
235781673
211976069
213075003
203541058
227457156
221541331
235276927
39368977
42304344
217261887
230652187
207176878
203204782
212264027
226664326
236955109
203047792
207591373
216295508
48514897
33087358
47915884
202268266
201631041
229646984
201483232
234538451
229669303
43780138
235847517
39167146
31927110
226088305
44631473
228738213
212201645
242145972
32556724
239386502
230424943
212584669
40318652
216110526
49967145
35011856
208866132
242334794
235845166
201290919
213036819
214926863
244239868
234966280
38853734
233799144
227303933
235937912
33853345
202707251
228095547
247274183
237369894
214561013
235270166
237740222
215507799
1986610668890784
234899279
226691689
227111792
200784862
39129833
234577193
206323025
228514387
229585523
46780694
226908899
218310568
244554728
39650691
234321370
231539618
205029526
242586535
35269166
201980283
48679930
205695836
33115746
33601692
48751881
232288289
227188129
38595684
233165869
243750838
240084650
207678261
210463025
42406653
45366243
32502864
37226464
48934741
41827931
43445181
202850171
40134033
46574226
216741652
221515525
230288074
231124350
222093622
210500474
231282387
231600907
216189904
237721326
41036543
46700043
212466250
215995439
37893852
245601411
42299493
230690723
235445053
244429446
215785654
218800453
39755116
230211775
33955111
38192476
232103122
204347706
214048469
203364412
227239460
219533203
43100284
205671143
231822653
33805508
34444396
233372376
42380183
39349012
228261701
233658063
226346962
44239809
227059810
32838141
216754302
234847116
217034181
211643817
235654907
247870369
235150531
38949695
234204244
210209882
38203773
48604255
204483389
44560482
245506714
204372399
47537538
207292154
221604998
200274840
208719784
247037584
2000102368291648
205929374
232735441
239075443
38557467
234604452
218534580
200032209
243359736
220607652
237065114
231382109
209786899
42644912
234340139
233710122
229014653
233567571
237896573
46227823
221699353
232184770
47486424
35681555
237585294
202120012
37838350
228354243
236169677
204026695
238863722
46952910
38020706
240833410
34160599
211557455
204576901
48870429
212480415
231058761
227097417
233743928
46420553
204369776
237354051
246175895
226635423
217288265
50776137
49064062
214278317
200297942
213437387
32778829
207823600
38088996
36320540
201875479
217395340
231320413
217332146
43504941
200066315
214254865
218697675
207647230
44863668
237874537
43102351
215089446
247728383
207509320
43919787
200102108
235948359
38158232
35437477
215673900
41982144
232185612
208219711
242625030
202433484
200858383
35160117
38178846
200379055
212241504
207118337
44458929
203042124
218575032
234408072
32471621
214662671
231984423
49961832
234968113
36216280
227842655
213977480
42767055
237438830
33291762
40906973
206979238
210075248
200699761
39660276
219314259
233189139
201228128
234988422
215087521
232666052
36988305
221238219
51236322
33519330
213749649
222950217
208832039
44378432
39837706
208035495
200192528
212120865
50527718
228820874
216071347
41756867
230946968
230014917
50585910
208998225
37553790
45564619
204903753
205425439
211597240
242508302
215009030
233714999
203086886
34687596
208662672
241605195
44295872
235727855
32452126
241214484
35854093
234014809
208815672
222616113
34183882
205420865
36365413
38073269
39984710
200321726
34121603
1989479415875872
210144967
219047684
215094171
42633930
217270540
227845194
233677492
203760746
237497047
227585886
50859330
227356530
35485675
219427321
210012361
106278
229121094
215352908
43406530
200864657
234278201
32638313
209928327
222728147
239040966
245012640
212114977
210254439
201403291
203841350
241200671
201704361
220119646
213945301
219620546
31679506
37827279
32691360
217988392
236138792
43130533
201059246
231760231
216045659
241084564
224151399
209609891
44645688
214871135
47383233
210035628
43127361
40380978
204043872
241511823
205854546
238832346
212463505
42601110
233206296
204426568
229445690
233245389
211655060
232245228
38179814
42009864
212171629
202759826
235465854
49242164
215878993
211188349
43903432
238903431
202491000
203964720
215179633
228147270
227442540
46362240
1954862129302016
208250665
49351792
1974744502275008
39522549
201698220
42340763
214714943
216643275
209716134
42279411
233168861
203315750
221274352
34888139
37825758
241574756
234769572
49602640
37101731
47348963
228302024
213766769
227560645
207276991
236569880
207783255
34587713
47128191
210150239
245596435
31641777
227425033
234383869
49107350
220690119
239491376
205423394
208497229
229830564
219572139
202971337
243174551
43271005
241754868
47723777
247832929
205033221
216274443
220114097
49932103
231581365
36676411
239491544
33349798
237177502
214043992
229541034
212346194
227079714
201175498
216979721
202165321
212728646
44434687
49995196
207171282
203989572
205595083
219724858
231036254
231814679
36285157
208654552
210453437
36284887
243504695
233151549
202576117
235152362
202912739
207985801
45830305
46159574
32665041
226952674
217856038
212488477
51412718
222008876
50980104
33993145
45817192
240286944
202280257
40804346
230798502
238049758
94770
217677857
37285498
221856884
232953985
238630155
210904654
233153890
214459589
202792830
39740501
231095112
39988579
42802839
220600432
48997923
207493395
234528815
219659662
484005
220648001
241876375
230077917
47620249
240493063
38044227
242210010
241502422
235040025
234391492
44139766
202151628
36844348
48231398
238195667
35035851
240003830
45447300
35508122
46668615
36065388
232023425
234805105
50024759
44871485
228597817
205539321
239901921
38768934
42910992
32909719
214520267
35998422
208535907
214189300
37614120
206242940
47617797
217559005
37382024
243544141
233854587
32943250
37387162
231916818
244905415
39866537
216214244
242017457
226702895
243721874
228726615
227948354
32186070
40670144
233814961
226152494
204086255
241122706
32407703
227516205
33083512
32376916
208399817
39286499
233425804
202731876
206666875
36351626
202697537
209955601
127083
211788074
42848776
48663914
204184789
36677519
39896054
234396490
214898016
236773850
244245478
216895560
216992752
207227928
36768443
33635571
222978491
50120150
243452376
208044358
209351021
213864146
236650927
209145515
202680798
43052363
237270437
224441909
204519823
233595068
231959604
234069646
213479721
238595029
386778
235117144
227682006
234795431
241415772
202524242
220185812
45448959
236878100
384778
218393737
47572704
76774
238027672
43976725
35595226
236068615
208573212
46676306
237668836
243683802
238475389
231554359
1964551142591104
228129213
212837042
233244721
230838248
219807903
209390597
227899948
35989477
231189160
235773569
206866975
34970574
205472703
219565406
32268281
234908550
31641031
236407087
45391121
200333194
204583851
204190303
1993690021202368
50343647
214292438
203648416
200066960
37377003
214521675
231892887
209291969
243805589
202043699
218191985
43434425
232043167
211554584
232720663
231814995
33451059
200991369
230412437
45036996
201014789
210951411
206073291
236639732
41085948
231529431
232177856
237199157
209133759
214587612
234501573
203834737
33182308
32797715
44889838
33841923
36994007
1971681370115040
214362753
220517291
228665532
230722496
221730909
229854880
33345782
229541352
231293307
219598319
48602794
200091988
33644272
38764514
33764146
39695024
213304620
234359143
37551865
200300453
237338719
226797642
334220
218490309
214265567
363402
239841871
231463849
201882410
204679197
49784320
201415578
231746009
40102901
222088093
37929255
34722008
209066931
205700136
36398463
33226382
228784130
47628093
243971608
213272002
208855142
1990433283303744
236071896
41363892
223014000
245624057
246344306
214977721
43245543
46843324
51446585
230861780
227776680
209916992
37334310
209230092
38684942
217061632
201644995
227981112
232885385
231202120
233348098
232325908
33054714
237660072
46967813
157548
50525904
49812400
234109591
204077441
218699532
214755855
31798615
232814818
38531588
212158338
229750258
230727022
33028935
231314012
236388252
203231263
217139947
239201620
211021567
1956371865168224
213480865
38305650
227606587
31624946
228882298
50815807
203353196
231999576
209449739
226892148
206414935
222934138
226281656
216259895
31927911
50997518
46952279
211863261
244293151
50643638
219538198
34825030
231814112
33298909
201245463
47512299
210482636
231117206
43592511
202735315
36059984
243275248
47463499
200393410
200594513
237249804
385762
234968903
238338314
39155811
40317331
201331942
214057997
42322988
236940454
235241211
211414398
34442512
33702386
210121185
220661556
216351048
219804178
37138707
243476598
202396951
228355257
244950800
227821625
215850347
217194607
211165070
43496257
230258092
51378262
228688932
31664793
226475438
227885375
204090082
40119704
210025430
233373726
223069926
232401215
212832432
37101774
210453463
32003756
228077320
48534628
202933515
46921603
215263083
201879633
44643707
232720742
237660061
214063768
238194383
38005781
45804944
220430811
203790945
208455342
35420549
229516529
232582019
47862787
228893108
228862474
227295479
41476485
118965
36596848
208918541
209851716
41232789
211590992
206709917
36430051
45162679
1957132180515168
229112275
35373984
38064214
215913124
200585015
203756838
235009963
234554504
228559811
49193577
200500503
240858753
236728258
228674702
228591145
231216118
208719072
49403556
47654904
33589322
241382776
234205594
207444801
203751317
240877575
39937014
228373030
38683547
213857016
44936346
230825839
232966430
50777430
38313602
504339
36259222
201958353
1973476657810400
200387690
37427370
202428289
236917730
232174833
231992521
227742213
229097557
210151149
40446302
242857224
208793342
221203953
37250646
204217542
49362493
235908810
224885685
32881575
212955266
44651731
235301014
400093
213927051
222041875
35575219
38929551
212025045
211553104
39842857
207780965
38880137
205171459
227748448
44130775
209783565
243786928
234540699
230348432
32056802
35696970
193543
245943500
43380548
230534272
32781850
43352386
231811342
215224387
32614427
221750307
235110746
49937943
42908412
216453858
219491017
205025008
36921414
240056573
175953
237938272
228523970
213669492
212878829
31657196
238605091
214406801
210314995
47626292
32013415
210211320
200370440
230090600
50449592
218348108
217633446
45007938
235952028
36773625
212373350
296803
213814073
238179534
38285775
34745395
203395268
209745575
232489957
34002543
32460967
241310879
204773308
43759058
36991476
214813798
37257118
38133949
44503846
209321200
235706423
50501334
47929772
213874177
207753226
238723400
33177976
229538512
222461540
202410376
230627267
45233415
227379596
220083954
230975458
234273247
49316166
203352223
47503613
200064911
228022771
44861279
40897943
33774576
235080409
31670852
228901791
208406255
233032621
229491976
209488329
40499647
230402029
1954875544430848
51147481
203977349
31730152
44754248
212449510
45593362
232142152
201897976
1993870774528768
235786458
31783453
229212324
232216186
47027224
233775256
40234469
33123060
246649762
38660267
47407729
235058454
34564852
39443866
40500662
226676086
215967297
50487503
241993011
32154055
217821080
220676986
50694057
274721
35459281
209116576
201985354
235457169
201834485
206977306
533837
223876621
211469192
244795550
201334761
238704410
203541041
221426009
232490466
218198797
36515314
202319998
233606529
229830402
232895857
49159783
230195855
42401335
206200784
238713220
38410119
232972725
40976274
201598311
226567470
230479605
51416859
40862603
204489374
45538838
239424723
37685653
204873512
31870361
37290043
205450772
1993251243617184
235000225
212432845
49874387
209148805
2005988495739968
227934097
229114505
203876638
223265510
230120988
220467833
230450163
233510589
44912707
212900520
36211684
238629334
49559117
47386019
236254709
209041492
35145517
219536776
202281217
200260061
237681461
45768377
220746844
233253132
40743139
231000184
40413660
220220317
43771358
48945158
49278177
208671149
201819686
213030466
34505390
239627703
202236331
212760835
50290371
241737521
218305510
218763945
50469345
244744924
232525469
32230575
219733963
213004407
230647431
38082792
208985061
234707619
47029556
46430604
232685744
45345899
39811293
43754635
37070407
209616045
42729084
35680568
234217241
35174265
202269466
225751852
32554030
33581473
217192003
210987936
36304894
214416535
239540380
36750889
203009939
227945283
218753847
235810832
236910024
242995285
203813647
244515164
220345646
213241021
230634469
203644270
216671365
33549273
217336900
244689598
220418267
223803408
210008628
237988299
47800239
246505082
49190576
201934941
40762520
204053937
39883233
221330641
229623961
231787793
216351767
44357415
214439448
209202124
227390594
235453507
31803890
232478113
203496335
36877348
237370711
246464693
204872214
200619186
207018562
43967391
229612738
234715428
232704019
36458507
218396297
237015505
243855251
245415045
35067675
215596395
41941722
228071146
223369513
233142442
213123202
228356522
245040498
50433936
50647084
207636400
234616541
225760826
31984954
205910115
231152384
236680436
34128708
202436947
34055965
229155379
32986029
212278285
45771788
236744055
42695756
229813970
232652810
233138741
231423241
203901615
50684815
213794146
229296231
47976753
38457781
201594343
232089335
218716670
32034824
218168045
37225038
204316171
219937433
34995261
226547934
520924
223940037
212035095
31807885
205859748
232813612
218683601
247314900
219644655
237505938
45032283
218634016
215228537
203973412
237128229
244537237
45678037
204486667
232652062
219518542
395642
41288574
1956987296992032
141021
201709187
31630734
220546693
241206113
211857689
47360001
208373526
229594805
216160097
236388692
233219908
200766937
34241447
211198443
35181882
36507901
38331747
425918
237647997
35713890
244020083
218847507
233741556
65515
231180397
218027702
34442786
213326945
36146805
246844111
221291081
229236873
208471954
38054507
236827979
203762447
207627888
204955265
200573696
36056621
203855278
222623331
2005888867240224
36513572
209070358
37330609
205186903
39033596
230766440
242602234
247963520
230224506
213094447
244301017
235478
47824734
38422601
201316275
233837391
204989530
43660610
202248212
231275456
209392060
43288725
228239245
48866989
200247663
209151739
48802893
240312922
235834464
33384590
211083631
230587318
230296903
208859835
228327722
219755994
202420891
223204220
49955599
51251294
39954970
35376729
47415242
47916556
38761956
201063821
221235549
231744422
217034708
226914751
240186327
203661904
230258116
241658880
200835821
40860270
232250869
48096703
208278316
220195109
208508766
228563954
208683100
208946233
218943568
40550149
47160229
35980619
211740616
210573826
215009265
217535921
49074254
226108922
34432177
41272691
216137222
214214220
32854873
42277374
47062004
50205384
211743509
211776925
239607820
1955682635270432
228888333
222792287
227752151
200722273
235620396
211776869
43793854
218865030
217566235
206810295
234449705
240655480
233780277
229563965
216590417
209417221
45671199
229116211
201538597
37312939
201223571
44507816
235000931
228397251
200484886
208252481
241318467
230897740
210981681
238922
227409490
212037792
231344873
45093402
232910072
33054999
213531573
204381265
228292942
44157057
208730257
37496892
217936705
202434751
208545334
232122931
208950109
213997035
245924281
37034848
48590813
221585353
43406747
42872616
46691967
38652343
232410914
47489320
235115860
38043803
240091693
230426086
46138159
203565975
35929445
229439359
217729400
204992545
227816616
42433791
240161730
214570341
49989255
41373372
227697213
214243733
211903806
32121889
39133479
46572988
227029650
215753290
228861465
239199725
228063571
39816827
206817787
215223032
205948895
49370448
212603510
227835870
246438792
227998783
211781333
230923829
205678784
40734704
219283429
43335959
232153588
36839383
219070115
40480929
215126628
231614177
51424280
233542694
206866890
227410054
220027567
32854122
45662695
203609891
212649055
243057009
228662996
209952569
32078277
230728251
230358711
50426871
47547936
33400943
216973012
205158837
216192378
210009259
47824223
227239035
49569600
208862577
42695018
206438365
48331576
47620765
200649653
42802479
240249132
31601527
207851121
229477023
230684464
216642113
244325654
46301501
32024189
208063832
237308490
200602465
206119763
208409362
42075800
47503862
47325442
51248691
202094481
40768291
226105306
226843324
207333945
202697700
33755518
232994262
32731411
43391398
200544675
233826522
51191831
205643085
219847681
51232909
340277
206351223
239595559
2009858133043456
32311978
220318679
226959696
39867126
236339569
37990244
47563342
243510965
49678208
34156467
201146733
213450641
245507261
233658385
201648822
51251049
46068447
228575216
235048043
43485527
238583067
36622259
38408851
207068688
231035411
41412248
231213675
239489180
213173967
234781540
240211420
45050355
228794474
39474442
218790473
204626231
209442102
234831729
206966624
231983119
231626028
200138241
220231809
219418027
240544372
216328677
217475130
231501057
241568320
44051889
39399924
222009660
232057944
234887488
219486627
223200758
228646977
233012242
32150486
35328
32957428
209915756
42081189
228259849
49078840
46486452
42902048
210649739
203991694
218740625
229516532
226256572
205476889
218353356
246338816
41263866
203566629
234864234
44842947
239703338
226535529
222619318
227948251
202557530
234844597
201823903
228343239
246381238
214619702
219811272
229421149
214060060
48497578
46136844
236779726
31903709
202750877
408076
228919307
204260957
36233721
209131564
231526903
41645771
202124662
217883682
43380076
235197131
31716306
227848069
200860255
216236354
44380225
37231996
216977695
243389729
210325078
229516343
214332989
50089145
226941398
227160947
34627213
238758765
218827319
212261489
234301264
37148823
202730311
49898696
47360301
42407454
241800998
32099161
247626171
244120586
202216957
42741767
31939444
33721513
227873657
213593310
34385040
50476127
43635730
219998865
243657918
234668456
206832406
230376488
201699285
209767365
232972323
233029222
35620835
203042790
227379935
36761113
215171627
51302552
201956884
214787176
231732079
33172664
230302264
202681329
235796434
215460647
44643570
205091578
246906411
39210689
211775661
230441229
213903650
46130353
222591604
221663838
37832961
233289640
217204064
33029083
231856941
208511408
201326388
230561425
34021437
214682226
236614529
204895134
47045637
230348518
232410336
205698262
37395996
42030245
38974561
38164130
47575331
38898874
209977918
201378635
213033753
212618006
229667005
41465162
1992453231143680
212847408
2016317671060128
47459755
233248776
45128068
232173448
31801923
49711013
218983787
45958041
38437627
235553569
237926034
41899974
48981419
204229656
217384266
207947190
37056288
234912653
232465724
43084080
210387284
228016743
42707731
43063167
37561287
44139096
48216885
230880377
221454171
208542156
245972091
37674717
213594555
213111928
35693817
209076167
40734452
237479846
48520568
47409381
209921704
230744096
31764085
232545305
49138987
49419914
39008699
47659266
232359267
230196884
215053979
46736871
236301941
46715308
47430491
227556371
209347301
207466369
246631347
220600909
247726112
212144243
201628034
233564481
230944096
219017793
200751177
229296994
216841350
39739802
49409407
230847466
45655536
233317519
234655109
219006097
39055989
230369837
40505454
50213946
209381502
201710995
201713597
222801954
209874301
203433226
234735331
206755568
213739687
237570092
37750556
231914062
488073
223136777
237859344
213036870
230266991
42583355
246760576
47074614
210025404
229792441
226575246
206120419
231833816
540132
45709239
204141852
218131955
36681291
42704596
232669477
217771482
207276398
47820302
214126538
230819769
50624323
49882858
233487988
236002386
201478454
214187329
217962758
46836657
33370585
45693988
238852577
212370089
36941579
38589567
50769442
44730201
232143798
250052
200564003
35469206
209179224
233919801
240170548
49404452
205060394
210373051
51415971
41162155
31779262
203350451
39017119
214395942
221724669
211040900
207899325
35139298
50627389
37609479
208276389
222722177
215622588
246714494
230870388
227201610
50820966
236015194
33856160
220782267
201038458
45009857
221260181
227449206
201475658
37836308
204054663
234959203
211141898
212613139
42983245
244682911
234325327
39518759
231191823
244032613
230598483
209803211
203560620
221756266
216280324
43654864
236688367
36658471
50398584
217792881
49932373
200053863
210308302
47729301
234460135
38461489
44431669
35244648
231642820
43283951
229402313
217668809
208788057
226040819
202242577
43624616
219460833
48523935
202982207
246469465
229940526
51008096
44849355
202668985
229606570
32892781
228979585
230445890
234919426
36114697
243674574
210690785
227162296
232294023
50422393
215532198
230066965
48618675
201735431
51440463
47785197
203540636
205150927
230699222
51415267
209407406
45090416
234194941
48128566
202302166
234805640
206630891
207779094
32489592
232683117
48335848
211524423
239738289
205242103
237576358
244342804
47003868
233095074
35053841
231822684
207102463
209318467
33752846
240260223
222728428
214679133
231041586
206816584
244381141
233909606
43141659
39085345
34304813
240305636
231296615
227225576
43214334
226576685
35871937
34742151
1986817950894784
50073032
230126368
233610984
241889270
204118697
231675709
231887777
50628422
31711034
229212526
1986345583446528
50433467
45655490
238048967
200181462
213031020
219382099
210668809
34005803
39593788
207986622
218519326
223312482
204194087
227645768
43236156
216442745
231186422
230541062
208405789
211148033
50119253
206822497
238362357
230174468
39399530
47733390
49176725
209281132
227532878
42716090
205328292
38767042
227319565
47865176
242103719
235165905
39738310
230139632
244585361
228575148
232509432
221904423
50405336
227995860
216558570
211025454
216261278
201359973
39941590
234526771
218775902
214786118
217972632
38678466
32416954
44079573
226925229
207949589
200895808
34126688
39189934
237347770
41998913
41303520
228891105
202062357
243200824
233420982
230811295
236004593
38709659
217948890
214675388
38438711
207297999
229714538
215061115
221895327
232131342
227871701
218124385
227576664
211017456
231436998
234861122
206006966
236773257
214432613
203379520
202045642
32243063
214830166
212458576
33604566
226984199
45654836
36899587
233043438
234982704
48804898
235964520
204784601
47651669
238329180
48725433
215854348
200660846
244783534
213353763
36992142
48969325
214261480
216007754
217120839
220987217
215213462
218699916
211095702
236184435
32698660
247802104
37625163
212767266
231718255
212251320
40067203
243386218
35472485
34268418
200031104
206974256
209341270
50042345
231465814
230468862
49820037
217820475
213464384
201951601
230987959
1966187239369664
203709287
216927973
203783284
200610999
39028927
228842860
201229683
44723016
31718266
203644939
1970597802125792
40235323
233334273
244727309
205080899
235112257
206045872
35047043
230160923
200652642
46629394
245354109
228990407
241184256
235149580
235514346
234886986
214163970
32494754
201459380
235893845
204913476
206966382
37927147
205200002
212773200
37807436
1962012037933568
44352103
222722051
32945272
244048708
232706537
229717403
51069792
212723092
234205225
205630987
47055401
214294786
247263777
235961190
204966258
32263080
40479585
1995296686574208
50069787
200260467
232745593
47179434
207461108
203760856
201946237
203924530
231099868
46209573
233263557
218352202
228308402
247619911
201783523
221856831
235587855
208739591
32672113
235705094
211475393
228049976
210099694
49295621
234923637
220255445
37989433
219490036
41190722
208677773
232593960
230690506
235946392
211492338
232966016
230933465
43515521
231534802
32787490
225717156
38948365
214090312
50478409
210950048
43568501
233205815
45646081
215881973
35676645
229588932
41070932
39360153
178762
217976413
33155553
202035697
219994863
32092882
229243433
35721502
47834277
210287341
213790231
229304212
237775284
213576390
205304717
210226396
243081028
227092920
234164706
244152451
203148938
209326103
215780580
43329471
38172167
35106449
237795802
45654142
211444999
213138751
229036338
46219360
214082336
34297401
35711312
34772381
223292089
50319207
39591728
42278754
229495073
207665355
241189188
46518736
204168123
200654099
210402821
214181005
210327800
233694369
228724946
39396337
44798479
36360880
226861654
243993490
38943736
35377313
213333813
242505368
221261177
36669217
243022396
209702765
45490703
48359157
236586379
200783297
211677312
32532004
42645196
212965580
200398694
33377509
38125816
210674397
237767780
40756123
240197052
226167598
234710010
39986222
42904953
229376893
201204773
230990756
237881054
228116785
230874117
33828602
31992668
238158633
232959503
32605622
225715083
233722006
219890699
219421383
209594329
214143296
34439925
203813196
34375651
32634211
209205126
241590100
34734955
33521371
247082540
212140158
212171059
34840957
41154039
201473825
210290246
209494395
228421007
208583451
214355961
205514241
203729893
232579605
224854
246209145
215620978
226315660
40122123
51227284
43189726
220667724
41454575
218163733
226921335
210626539
237453930
46401618
200485317
37431280
44687407
221574668
219194280
200128264
39685803
227820020
47312091
212396475
229214094
214444683
212348162
203820189
31699505
39325599
228881486
39743798
238901613
32849847
205202530
37356133
35999609
239533675
35897281
226454746
215071916
202340082
32736469
34886556
214616636
39578138
216987318
240013482
209651961
42412717
38748836
219152364
230562141
229907122
228183276
233634243
233571183
237889305
40438565
200767484
227010351
38207281
49417582
205416582
233516589
244800920
34663466
228277995
201980178
203895373
208679607
33878924
32567683
207849081
245883920
232795236
213278775
43102630
35407522
43835665
231013596
206288604
224108373
51102837
42695050
203991533
49975435
43615122
204073256
237779734
36286329
201802633
213895818
216104
230777224
50855242
233588639
232100167
206686483
51147703
48879393
48538138
36992691
35197193
241335768
213410347
50353416
37729965
48108671
218802523
44562153
33581675
238185113
242658748
35607638
228109585
203704051
212850256
40475460
205252915
36930812
32291085
48893602
234148795
206504747
204216879
45430877
234907115
204740212
227653949
45320687
228022776
201301840
231789902
231679045
50729815
42921509
245507281
43303947
209731928
200746607
232760927
212654617
42468327
49104459
232018592
218916369
223987354
203659666
1978112634112704
215149541
239078548
201981788
240934356
228810144
38870099
235311967
205749169
239219397
51255709
51044685
42287346
37057426
222026059
205369773
233301772
230105582
201836093
210603243
217560702
226514365
45258657
244536911
410138
232206446
238437057
214545891
235137408
211346108
232592192
38024896
232893510
50696637
222345519
34385481
209324816
213511633
35891648
44335021
33391262
1960237637200224
38783774
283776
231534860
204583757
246020968
42738477
1963630213630496
242341697
220018592
41971577
37595476
32366579
230444982
211310902
219378656
218677387
227643396
48338286
239438954
240732182
244367650
231070864
204116170
35895113
207951046
230318791
209917512
37182451
232740004
240377015
216221769
209877599
36516507
237923154
218766050
201099194
50872079
209975236
48985334
49901678
39038914
39440253
215768384
203574224
220150479
215831104
234006416
229926867
228685728
223236343
200313163
232721207
228463083
204771430
231900590
200198301
219382986
200147895
226341506
236615376
234728104
31795165
38720348
232299163
215765449
33669868
36793925
43348087
243802006
41523473
215591588
202599745
217961390
238347916
38570870
49667513
241743183
218804495
247182517
36690222
33169468
201767616
37458585
51244643
217907587
46506066
200546709
236426727
205283342
32572077
34366151
1960504848771744
235532405
175659
236215295
203983205
242297994
201057951
49485688
240478619
245547859
49397136
211794124
39870576
241329642
31626676
226389273
240077210
36960491
237165212
51382615
206426012
208918735
231021921
35975266
203084694
215903634
202745311
212173028
48815588
202527115
232059802
35501391
39356298
213119623
38603791
43577575
231572363
203218507
203400381
206527342
44993567
240033177
209250606
230703565
1956850568006240
243532051
47956679
33676023
236217107
243824142
240208723
219698438
228126570
230436997
43271118
220675825
246586616
229494847
243550841
33179059
44764077
43974579
207428215
39750574
244343705
219035897
205087671
234840496
203017416
43024562
241052735
36883864
37726663
36243025
40035371
47922993
38436767
205447660
211448802
221752739
200616487
202604688
46164352
32590224
237274501
227867206
49985091
218522604
237544740
232124307
213792868
51294523
229518529
232400704
48980073
237423690
228884004
205772372
211852160
33020684
241464309
206429799
240005254
223409754
233931763
48613338
215129571
33210508
235517665
49251427
42429774
216332865
237445476
45152825
31656209
1971232982960736
207840536
202275202
212882077
43693498
226167802
203973562
212766448
233968107
218681045
208601483
217922086
209234551
39735417
226930324
202062800
235543339
44455739
50846042
208917282
40015614
210348311
247323378
205569550
214258052
214761450
210691370
38457330
33731185
47605954
243042231
450249
37136373
228304217
240034661
48661510
34649372
35113084
34999550
247764729
32615699
50358188
247863541
228111017
33182621
44022353
212509947
48606502
205282019
205652790
44246511
48094697
226034738
233832300
237487784
44623630
230675891
233450993
203370797
208447627
232528349
47495216
212725961
227301815
210251670
35670570
240541661
231874844
205188309
238677586
209971634
1990869050395328
39440249
45208178
50367325
223255000
48960697
238538546
34529052
234179773
1968984299006528
43016586
216474844
50712490
218384579
216715593
46025411
227364602
41419244
233789057
207742918
49687669
227667311
204992023
206978857
211591080
36508291
226290697
40532287
229236488
235647762
238715846
201593674
210893339
33392391
202362263
208515094
31922714
233392756
37774049
236285843
232755594
51318980
217585760
210042209
207644328
48982225
42834708
235314414
232843052
62914
37735924
210371990
42286121
235990820
34143032
47817493
47104556
213217297
35374074
230687359
219613124
227923913
210954032
233646252
200508870
209374255
242986931
51050837
245333163
45856584
201632203
38387953
201876172
237080496
238390647
228373115
44309028
236255865
34074991
204000696
216923541
33610409
213438790
49941994
214929538
213771669
200773139
232188086
232796724
231811715
33418263
41868870
201420068
241050339
51364567
238586810
50075019
212664060
215412488
233772687
200091512
237969473
210426629
228860828
218676125
243061745
229367665
232623984
232421451
205944528
51229076
220514649
42891196
201779599
49801366
230228078
215722805
32329104
38744502
229383887
245223513
39798839
216800378
221250348
212531171
51069285
237099322
216227576
232551735
153952
38128799
222947633
33567574
34675382
242459648
51234332
50448229
210295613
33747177
37552953
229850824
230343743
205100867
245553675
234794721
238001963
38181914
206277200
209987726
240201161
236481852
46509479
231718143
202891972
239438612
237457448
230390087
236003736
231760597
212269126
236399564
37288553
233637837
34195703
228830994
39632129
234176916
210762786
31889635
209651034
219947241
40866791
201434986
201780348
43530934
48277677
227745264
203734821
205699411
42804109
226384585
202858515
51453661
211190588
32535896
214173853
214541581
207329288
32634910
201727180
2005819989403808
232545628
50517382
214960431
207466233
35933718
33572190
35729949
31606792
234578928
237810241
229677867
214243709
218935914
362625
31765943
244926893
50768578
203336830
205838711
215990695
49931467
201414085
529648
38659688
39393171
48459283
230608282
235925609
39117324
207818945
51388353
229926562
202490508
221524389
229826786
227454612
208383891
205877967
227005549
206490127
233150636
51298869
215683248
200887850
233222823
231998450
39371868
51228297
33340067
227998476
219943957
207719028
234734571
2005302324406976
227395396
229267489
235467659
231209409
49603098
33662613
212300564
228359923
41045437
219643563
227417831
227150281
41431794
233822706
212161844
232574963
229356977
234821855
35539081
236991655
33859156
206103772
239810334
246973674
236121683
228121235
41576967
213910086
235072494
239974400
217990995
36484177
205464827
38769244
230640639
231356420
37766077
214522358
42407472
230943955
241359232
213757611
200864065
206777225
36506091
43923173
227500833
2000201166318400
48497836
44182503
235577651
205758489
217826679
240813415
233171305
218434916
50844795
31745880
37846052
235913492
200438671
210152298
48287692
208017081
231265619
50785905
201575163
1978134020319616
233144477
39949450
242444352
231768989
46736433
36215225
234774803
33117834
51150104
32046391
213186973
227003426
37579011
202019421
240284456
207678930
222039395
229710833
230967664
232507474
1989146583461216
234615791
208999694
233868457
49408985
231575454
227716557
96694
35419517
39019716
215190718
39348921
223135316
1996755480455936
51248076
231153796
231170747
31996817
33560142
208037011
209105708
230253525
205177190
34624773
41212035
236732123
210594058
235625417
204880527
39184214
229739726
205105897
205034129
230366312
42988300
228250070
33567226
212167806
207227553
209999863
213950161
234969566
226935387
221768300
47116799
243495710
238415084
37719068
232896596
202900476
237234568
51384231
232143431
212209191
45241349
229653811
1965354157107328
37543829
1993872545106592
219771291
210607390
36486775
208803851
210289636
234912355
229212850
204064231
39444552
233794455
50659605
238188583
211439101
228799470
42135742
215837680
227247376
242365943
45089605
234606596
208839509
32245843
38616276
210344870
232482762
48358555
40699070
203673414
210841779
231907995
206767141
41083611
227620884
39927688
207236275
220131862
206146694
44925707
34268827
35385740
217823063
204571565
38150966
50178610
218395816
33364659
34614027
213413028
36081292
222925788
230799283
47560537
242594438
233698311
34175888
212459120
230483494
442074
36195311
233945917
235246485
211520802
32973525
206468809
46800520
211996542
39742367
202570039
229292444
200778430
210264723
38673662
213559059
216715154
226190630
236440124
202477202
233284792
1961956141246848
242056037
237787130
43246394
232725655
232749510
35433537
227072591
42425490
201655561
33723803
202361388
242554786
216285314
231285801
214493196
234223333
202986364
35378164
49095604
207322774
226799473
45703537
236360594
43166255
242860191
227018335
234490939
31415580
228809996
33982387
32945375
229702337
237552173
217629891
220346100
209009942
200130431
212038563
203464930
204369558
204926731
233722
241552518
201377187
201066411
39703927
216078154
32050488
213614136
234309595
229017301
37082046
238048843
215176156
35322109
244686821
236702050
200487360
230894302
45701905
230495854
237361521
227520988
230902445
49882892
211700230
37220052
39165532
208203070
200349438
201421536
203922
44761957
210557537
228045403
226288562
205865457
246116828
203569087
40041401
33836161
38826967
233226631
218784179
32209082
227959174
50815179
42411803
220290420
245428672
216668665
32191187
205439813
220612493
36237766
200242163
214611801
211961546
36417346
209339951
235092879
1972505448507584
218036125
237995332
219644254
233378917
226998521
42443420
217897884
226853295
42758137
240428352
227648119
33977239
37376822
50289647
39255718
201599797
213495365
241984715
219243658
237721362
31685343
222366977
242748344
233020030
212090876
206812853
229501943
35953742
206334551
217976903
229733683
32998268
220252975
237362521
33034743
217737494
215721642
25491041
48361870
38434903
215560837
237927666
214463953
209627749
228885348
200414325
214410375
228773711
38700681
236201523
219339726
228565508
41488696
234793190
49367243
231444714
48225358
41857242
236817533
215863951
202208623
246472501
226739660
202478934
220008314
220294195
227662754
40427104
209366021
33340508
214046112
235692030
1988021685643552
234519046
44438131
234552815
209223692
234561775
48359718
44614177
48521673
231432158
233812371
34152578
213796291
116700
244695768
237209413
213777929
200925158
227056348
227433567
31597366
214380814
239042953
200076924
48943973
40804692
244446299
32598043
234343898
41224821
211308343
214657859
48712835
226800450
227392429
219791333
226509153
232244459
227077211
219378978
211247769
213766975
213603624
232668906
208955246
244589600
216843682
205911993
39130401
32682841
231707131
36763767
236325696
32175252
50823254
235042311
234333343
38963306
41189469
214595692
35802159
207862986
230484628
216473276
43240645
234415905
203637112
245587374
237021264
37839187
1990869410400576
38831580
211661023
31717807
215569903
228864405
226138158
233390057
44934695
231432454
465802
210932661
235577700
39045020
31770596
51432921
32456172
220141667
47493782
35642846
46853655
31949416
34720245
46139355
237258844
217980062
42412058
235051875
212266989
200698250
229032122
51047757
228808405
218781216
207429818
236562027
201583651
219716145
213493724
204646659
38762899
237647175
200732652
46739155
42004163
201673481
200434703
35025084
39646925
228695171
39940338
201426238
216293575
32281361
240732756
232874591
221645343
217499638
226872207
205725594
206929415
231385538
236635312
200151396
48587470
33769661
47219483
47956103
244067765
239353176
42694942
210156355
201942553
39373898
41767822
45869926
219591823
211496669
38084088
232067701
231318372
39189796
215149531
219435732
222397715
236521762
35345416
230636856
34840065
42048733
226686029
41123266
39393771
48220986
219190109
32286854
247323730
205626555
218417552
215698534
211745511
211786683
236996660
42964631
44837585
206114792
227269378
226035199
40513432
237863261
240312876
47543534
212651959
436165
40534592
232656132
32366403
60551
42297804
217173538
235602753
47346835
232641805
216524468
243275960
200115184
229614095
206100826
32029667
41774879
237241657
245891353
32666646
50738896
209525485
233824331
207426527
232243696
221822402
245538090
219743879
218987022
40306963
230616278
238318171
228904528
245506126
43778976
241403202
227910863
232559633
33643116
213533969
207602019
47326741
39839656
247006178
212133668
217552855
227444111
232992982
240493168
219112758
40718354
231726445
50515021
42822209
208367199
36061529
39474097
207307250
227612731
219599093
1991105027664352
2003612123253280
209235959
220959039
39521799
32866593
206726918
35655621
233358182
217670003
229858835
34477629
236114347
221174118
41998328
49663495
200568495
205113987
204244266
226352531
219203843
241557882
208770702
237599675
42288382
45092629
206174176
203176001
35280548
35259719
212001782
221543585
202400829
202477824
228272707
222007999
242044089
226108834
234527560
31826848
208458790
216822607
235164950
244785326
211494715
213047292
34576610
203044445
208758568
210437788
213371375
222917736
228538191
227905630
47034787
219720728
36781014
229507176
201913678
216789776
221483242
241034652
219481765
38465043
228739518
45595531
45223804
216953601
41769828
34684207
49530129
46148910
231499297
247881421
237963867
211036218
224606704
247138760
43118144
208094727
204049430
49616076
245404114
38309585
235144657
237614277
201643518
236681937
213784349
220453060
235260411
46486338
41493705
226155436
234705803
226165415
1969668986571104
234699603
213732656
213350636
204048037
33462912
234947021
228879403
210074875
234490940
228738897
247627956
37763229
206710767
205664934
219811011
211699057
208206071
205000016
232984570
234466056
31793381
209385692
230601561
229366970
212147304
36805836
40833619
217291945
207486353
232720443
36515574
47071347
236253839
206903966
212241944
240015179
228760529
226522628
232015391
227780910
205728431
234874826
235469918
217452211
45274503
215589038
240391644
236027515
229190133
42851540
219559984
200291890
37080858
38494369
213217586
211368050
201234400
236703064
221361768
227404913
229875438
234745271
32537108
218223981
29149
227754470
218618144
45926305
34066469
32526262
210489026
201752248
237845648
1953444585163040
33479500
240046515
47126638
47878425
34247786
208145400
215917089
217949068
228863636
33265826
212947226
49223549
200472525
231468252
220596197
50067082
227956768
49659779
34388267
229441229
31850350
237548735
214942164
214812303
238783233
1957590250228512
44624994
216080744
244133137
37896469
212245010
200321676
36997042
206314054
209035495
210894748
216523478
209802021
237595485
216077251
232704189
50468729
208203307
48694443
230870233
229827227
213444447
39173673
50001007
41570309
244493667
395460
41114168
214676500
1986059001293504
32287499
223323341
231961926
220690430
42636618
39736104
231498767
224163709
240548945
211998940
202186032
201486017
41462008
214588968
236269432
234324418
48442573
246750619
240624374
48070830
216144122
227878363
34885170
230306421
49347760
38412698
49200141
205873449
220261311
205729359
47546976
230518571
232355392
205815895
227159131
34639543
44297600
210116308
215099532
140667
243154526
32147856
230337663
209442764
201537716
34500174
31757551
220246495
2000664156195328
33660743
32855928
227809510
239884147
45176469
219853966
36243236
243516837
223908811
203093424
246459447
204967342
226468099
222391572
235241298
217045970
46715469
38462284
206824731
211024674
208544993
203398533
203274123
45511448
46221804
36355435
32097313
223941074
204223371
213518999
247295631
214578215
1962692882492064
245580756
43220751
40749308
51265329
210515781
204551048
221684714
41433335
47607611
203709536
50202847
207015168
216981708
211707313
237575682
200022127
1997238322669984
206899207
232578491
219875086
216993840
240280903
36939693
208956906
238849390
230793351
236044372
38659057
51093324
32234420
236405453
203519508
203570284
219010654
201785810
221994586
231053856
227979173
34033278
35142326
37954030
32528813
237694573
36823952
234887870
216828875
227079959
44390992
43780374
216271687
210550662
1962203246965568
208787191
204171938
229763056
48564846
208020697
201580953
32342849
37462204
202974220
44244824
208692772
33619037
208426447
240495099
200173057
34196505
1963866067913664
42764331
35063418
38483809
245746189
33482286
47359488
235695893
206177295
232830343
227765953
33801086
227396981
47943573
35980492
1958362493299648
40659435
48717073
227929906
36620492
33744303
218965832
210920519
46057832
204081321
220489207
39499369
202195423
1974505681251072
48211093
206532035
33103234
233608397
247214323
40108221
218807741
37906617
229612465
200640265
213181339
224245838
34689114
217035032
35799565
37192239
1952538711198496
41444219
207502920
218481343
238323958
240571397
203005407
221258902
237204018
237688065
227399062
235565461
213280739
218985336
245337999
227127001
208103768
204737768
230331885
50077292
236459504
212393115
231703330
34059438
233578663
205364035
211388764
238098231
215319095
241260688
237844108
230548878
237680674
202398218
213320967
235415300
36744337
230047327
201373912
228065032
228993832
48641702
242018517
235482900
31844199
231210741
229623022
231571354
243590484
238028681
35714626
203874589
210670867
222980884
201491358
232943543
231152937
36063440
220892694
32805489
32349125
44473918
218479894
201231242
227741505
33742806
203004202
43776848
233340494
205985331
243547258
45682164
236497713
35048857
214711938
36417201
234434394
36702418
215880524
43006699
51433954
238118566
239907868
40301622
41387967
232843753
219448038
48302556
38870990
209988384
49351319
230565446
33135022
208605991
232459581
226299678
210440866
213944856
230263955
213899151
217337197
210120566
51065893
230470507
242289873
218377910
241949628
245631696
232581062
226141427
211818742
208197329
206207300
220104327
51025121
213978167
207179241
203979116
228044801
34788768
205156244
33923210
45389956
34025783
227957195
227048785
232535060
50540584
232600276
228876543
237608201
35496202
201456730
24441616
50478617
40194422
232635590
231023005
243779498
246853631
233569086
38766256
445434
34550059
33743792
214528682
223363046
38780817
23724554
229275375
216716353
233785867
233919455
244874250
235591243
205078653
40325257
211489378
516488
208138977
204993901
216281213
245564891
39279809
204896203
40251360
239590544
219513612
39740853
44819310
204819698
32948249
209208288
32309439
216280723
36007657
246926279
36853637
36507785
49246437
228272981
246273322
209725824
206919002
230098262
226216113
208117520
201793185
209972658
222044663
209238916
45724390
210280347
210972156
226389379
230272939
246363684
230092266
217194085
35524511
216841233
213930794
239088525
222841116
229086658
243231784
35230983
49810152
42700379
47238178
211907402
236486533
201511335
218033889
212770522
231814892
216659917
220093469
229022372
209375057
242886657
42398592
215496247
201033760
35961421
1988066868562304
232997029
48680442
230239479
47281583
217678366
207712178
202328123
230955204
214872952
207293954
238022743
215812868
37845197
235948382
232152234
50153415
202556763
201503614
32237958
210154240
36286161
201154857
228950041
235368446
49981441
32680442
229649355
241025167
210757746
230633272
35729676
218361745
49125157
47062007
211499150
236951941
232745095
44448861
45819762
38396855
38739626
237260611
206959778
49242921
231802315
201391819
230151192
40779718
2000878115260576
48887777
38788696
203203119
228177782
33704865
200609987
37538808
524658
228236829
234449153
233765671
234556780
49366453
200819506
217387372
48559379
203111188
237338596
204933596
209358542
239699222
218680308
218383828
232858567
200818167
220655828
44412016
43137181
46671315
200235851
36142888
232857196
43194503
40200764
47348151
213276968
220587794
237290243
47225610
239760960
48107202
38332502
233440965
39902606
207337538
213498368
203778112
244384083
212808180
1964513634618240
38037007
204839825
226395403
206769932
33257
34044951
209736769
245028220
214294964
232722895
208589690
49506339
204082380
50246710
239425185
49768440
33413537
201931113
245162931
205173251
214584181
237355814
32368529
1971569928030688
233916297
39832354
49022809
233182354
37699689
227549588
229339008
210123738
49412277
203336889
227511639
223326810
45932193
214868312
212880228
230704038
47512088
32852992
234303024
223006205
229944344
205173719
32227643
215594552
44262146
36054509
226139183
211581456
201504779
235777990
230334694
245944066
233624155
46445105
205870970
45146223
223156383
49013342
217972953
44545276
229915270
205538412
214614276
49712271
216147705
202029788
37645799
235311928
210161632
50978820
35084556
232282876
41965137
207536050
40680495
45461724
230286565
206620840
218209344
43822361
230788933
231971205
291330
202193050
207657860
207215623
246586211
211110177
227713580
228917305
219881191
201776125
205846089
41458975
32446922
202738206
49296089
50059288
232570479
212535901
208342612
35937009
221520020
36853799
247242235
233822738
204214089
229293032
200122062
246119019
230498689
202565437
41452102
35759814
1953503211391360
204313736
236137720
230296846
229875704
211471616
203109212
233547303
245249772
206420943
204319590
39361276
237847672
224867994
221196393
231510745
244578370
226477755
228812008
210401940
216350856
229293610
237090255
45525407
1996723985647936
34173584
200951356
213916040
235856139
204935096
212029162
208658143
37898606
201752766
50475787
241465669
213795997
50098523
47755952
36819169
238610602
50350828
223986064
242144270
43203539
33385703
214526724
41414266
237037755
245845481
48699407
205820527
209660383
231417500
48707436
34298631
208001460
204864288
37002011
235500603
50642200
231380318
214244995
37786416
212568064
234893683
219652624
47050459
31860592
205267884
235489648
1977504599264096
221344038
51000447
226876172
230742400
200747858
231697402
201571033
243424428
51374961
216277274
228143225
206307273
214831530
210700372
216645816
215709108
212338281
230099352
208982936
201743215
200772326
43482224
206121864
217031597
44343152
207625661
38713158
219963321
42747904
46288496
38177331
231597557
40501714
235338384
50211942
211845700
32350736
212027677
233733946
230727886
244939828
211570641
202506963
201035095
213690067
43558517
207029669
43812691
25493272
47558368
34233247
209530320
31718629
200485806
216975718
208149991
209014369
35664850
34991875
47554550
39780577
218873557
226769923
215876587
223867903
207813595
213462485
43161176
202894185
49698322
229454997
206953475
33611956
221557801
213701108
201425398
34395059
227178363
227696281
210341182
232129918
32389337
216789489
203284704
227988462
229135817
47457005
240618192
39051792
233425008
35913857
33253418
212183211
211742173
207778978
215372506
217049485
39091637
203369931
234751145
46711191
32213749
219716352
38326271
49050169
239004674
333016
209558552
37696313
47787969
44306061
246063737
205625991
43572059
211873646
226994207
203623723
35388996
210548560
221554195
33119018
214569548
39116722
229151131
239305109
201605703
236636915
41201012
209319787
32358850
49393437
34590390
244075241
230331797
208968750
46730365
211157430
206373942
152882
50138004
46427167
204814501
51457711
42882367
225748099
43796589
45856777
32249481
230742985
211349113
227113609
207629426
237062610
49216085
202333856
174623
229777400
34078480
202359632
236503991
207241914
201519293
32589908
43482029
233090681
45477238
32615192
245669622
36052516
210788316
214941365
217624545
49164909
44624744
232571053
234094157
208050212
32087205
231203750
244299586
50250970
51296123
203851487
202517134
231055592
225764358
229784171
48982075
229021705
38071972
229543634
41532700
208924733
242095725
202805963
229304777
230800463
213931564
231602845
34248143
212094182
38929788
36266695
212603158
214433623
25171888
48969679
218573834
211812223
229129916
216446071
200173816
243565611
206073598
220709623
36482805
41475723
240794430
32534771
39805692
231068002
211098841
36921876
210179173
43047207
50064179
220654419
32963678
36260661
216260014
231984143
219111203
231295958
232925055
202877823
216160708
200913474
201155755
47155589
217715903
46348604
213733567
213744085
209614317
211170600
32628308
221518867
33497672
233537369
218806879
233395619
242356689
226384039
1970615798573632
219241847
203625871
48923144
200245321
45314661
213899978
40103394
43434946
36936800
226812722
231921940
232317064
42796080
219650683
232960180
47190562
208147729
244186335
50626644
235219381
210290543
220880530
233744134
218400462
32613102
205792897
48845487
1956350636297152
50329961
218375213
208727443
208449154
205663786
206978668
202813413
509533
216011019
209484528
42347005
233807037
449515
231320020
35149280
213686049
208115920
200845452
44797582
228982029
208245510
211157213
2007657971691424
38986783
39695093
44384510
226206513
364040
226727310
230524059
49488742
37705772
238690879
51017010
32133794
42451301
47867549
232841236
31939750
206426934
209678751
217301513
237959927
44663935
204770348
37709555
229705771
232798227
234465824
226245766
36415278
201799449
202168629
43312103
230481029
202737813
235158507
217523178
216530279
32612048
212631158
233159333
231187950
230819417
200819766
35270592
35347618
47034466
214320742
214871124
33913083
43546250
36938188
39054996
41617674
235166156
237447858
235803131
50522684
204312593
50787842
48715038
45815269
205950868
202603702
48929804
37599532
201792799
236558554
33063873
228707827
208434776
209348289
238461530
236858807
202214685
202650698
236983447
43069479
232641719
235782607
229515029
200315384
246614312
44026126
227909619
33357581
229066973
207106534
49604108
237612130
227995029
201650579
37551474
235800615
51117935
32223338
210075283
229498868
239144983
42041898
36232025
44894152
232400861
236764043
45356548
223077697
204634957
231265102
202142471
229444562
37895310
227113279
216166902
210548912
231721594
35893352
38139787
1959056174901824
37858499
203784053
230712482
32647083
50323284
47723703
32799317
226127428
226840897
224125723
214580817
218704805
212834620
50302118
49635462
237312744
32861294
222344278
44269373
34329239
247984886
206838508
46788046
208253795
47711582
231905694
39841911
226273290
209036832
46628532
227306899
209677828
1979945775901088
212348620
209050493
237178650
237898793
231236646
247805178
237031107
219649329
49042399
214842193
47927548
227603910
216839980
41636331
207631593
200190094
243566324
212684045
32406047
240700689
234630880
206857613
46005773
46795936
233572866
230220035
203754589
231060547
241796052
210032514
207881838
50519068
42580342
240570050
245103381
203210315
229581772
42418541
32990425
236787228
221749871
39534617
219482309
209777096
40906341
243690945
222050034
237873701
201926679
230870858
210487450
36174066
245963240
202132640
207016830
239468317
201601705
37155832
48601958
44730471
39017846
228621080
46570456
205364354
42170265
219464776
210115511
218117048
51210951
239985007
47835054
210690323
32721656
238484674
214225549
241457691
245833626
50394407
42657888
32091500
33566513
200977288
32175915
244845548
233770185
221599286
46928423
231308544
40521957
50398760
210481937
40678079
41195245
243997181
236036298
228095723
210812839
226317819
218598327
234366043
231641755
46685582
42255771
206752926
204163453
214372591
242503570
45341374
211307192
200487085
220354196
50775716
51402959
32819904
202617900
209769809
36416052
37048751
219900947
43195967
213217380
237838559
42342422
247965316
215568583
34941308
204172189
233427575
228732289
234516818
220192775
47069539
515334
35375121
212256726
203323591
38120888
234355067
32513142
223430916
219945624
229326924
202084416
202002961
45154098
240011036
45057365
40153543
213836649
205442914
212809861
242591260
234471157
204043737
42179079
36583426
209559533
216245537
209227808
43051762
201476672
209409460
38113419
35572083
38631764
203479323
34075631
206086500
236975076
231124612
239934676
227918425
202672694
204878628
31991277
232987966
1952591829363104
230282934
232893970
226623265
50023884
228659650
47781840
34198632
209342666
45029791
227626747
203371016
219775832
227854682
51031210
210484522
42803510
210390512
230745078
226553441
32880244
201670615
1958279123708480
46269390
232368561
210443772
35386284
220566643
232342286
47603532
234153474
208709957
228554422
41619366
38173365
243786617
216770519
40481893
38061589
209395519
220261675
236151514
211679628
226765549
35878067
230353398
33074885
33067914
237880389
204838709
240654473
211105227
230352754
32182260
237069867
201657308
230101239
205424814
214824751
200259292
237672222
36460054
242569486
245419425
215680643
200248585
33377963
239169575
45331406
46432407
37086767
226382199
219488016
45879381
208988210
36240463
231081645
201365642
38850984
1994549879343808
231461130
204357837
232626810
222007468
234817655
49652382
43019949
200605859
223871583
211440700
210815043
204748238
47082588
201163641
227920257
43200016
231926689
40718010
245936525
217830991
35748101
210667832
47817709
229829702
232014121
227714689
246202385
47107761
35700289
35500983
222310110
236279810
39916357
228111442
216546503
223019205
231809537
38727403
48823819
36240285
208011331
31982648
47163216
204372451
222967724
234696740
233732764
229895191
47600718
220865244
48054942
238769254
205261449
202523037
227815418
223363501
45166758
242317782
201620867
2000611043953152
34139634
39953214
208706909
40887974
37719394
233268451
230127752
51299369
37154580
212930437
210371268
36330276
203623949
41492514
201818122
246860532
239818666
213701497
232680947
47022510
215624370
36559431
37539054
201996192
51030130
200259577
36534156
44406047
39300636
208765040
213134596
37156260
211416685
32986329
230290056
46906726
51073173
236205315
41395898
202485099
234159236
1973794237516640
33826801
35747940
40154518
50013339
229781215
245611318
233127060
237960451
200196658
236879052
216581685
200992953
235941450
30368815
206346455
208555610
35128650
230943351
32173475
41165218
210374967
230240864
228480137
37361579
232332136
42634800
209036119
207549192
200343392
229541906
1993824700713600
210376959
228015511
32296586
35139853
207129622
231530146
212264824
216595643
36094504
245885010
220117444
43296685
236221273
220041810
39559340
38365138
43644544
47066987
42126925
236728793
38330704
220732594
227294583
244864084
218188980
34689268
240124184
47743086
207779210
43915612
216073473
231542316
229478079
205111291
217089661
202399441
212132251
247287012
33677432
230370779
217068169
204574723
241759642
1960617919834272
229691983
208003037
233003032
240800573
218108838
234472458
214466679
50390780
245963744
201877088
228884802
46961787
41212463
212112718
227354763
49748106
26801163
233610043
215433811
31985788
233845584
235457415
223018096
49357518
218615120
39678239
222162756
207866088
227776920
46250555
240327888
243573617
243940712
237900765
37406594
240302965
205301169
213396063
222654708
456564
203539903
216426566
228162416
228141795
243066589
280811
34162638
219253800
219578773
238178063
205563842
202584470
247955666
234289215
37490420
231086581
215335237
203708529
227044128
208140758
240284436
223463908
202596725
213753457
221941986
228646041
217672783
220673361
248008539
202090556
207469239
50334206
39767326
201452019
247957324
220692273
38969228
34585824
226540405
229093049
209452653
227316830
201360443
232649451
50255516
225801268
38930192
32078486
47627431
240770841
49217845
230368058
212957182
49315590
48518303
46490158
217705875
32042163
1990417604610848
241310570
200791987
236971160
39658817
203943018
221261501
38333665
41443527
202220597
228240472
215030896
210070074
235646328
234021891
31984526
38539542
217091906
215357088
227945050
230683784
200606851
209987006
203433702
207310176
44149457
34362011
44026371
218189383
207662488
37544822
239200303
42715168
236601630
42491833
210169531
216401593
233801224
238557333
208313459
35389092
241411325
36775890
213612407
233014884
210946123
246436968
209989570
1959263268580224
221053278
215832700
215736992
236896609
49243247
227624818
214755971
227509120
49117839
207228170
215647272
38635360
239984995
236868186
46804110
32309286
218668838
203316613
40923644
230760602
42171794
231141868
218047120
240832663
46777681
50100568
230324219
229704500
200484953
229679804
230338960
208618879
223861977
232952625
228064643
203935713
211891645
236784739
211957108
41951014
246357840
215209206
239777372
208978686
211322564
232826098
46429987
28625
49255698
38058996
36903991
231904188
229381688
35020118
214819024
220081162
48968381
207660501
42653099
202634343
229442242
219095242
1971829499726304
207450507
31726063
33372014
206155904
242463060
239673723
234898664
36767887
203462892
219117163
211622477
31994675
209715418
231075485
242146149
200146938
211460869
237542452
226760228
206084460
42083648
203933805
233378720
215648774
227388391
50943583
213897614
39273575
37649837
202679226
39955504
41031018
206065865
206979025
227508628
210908473
235644075
235142525
235454501
45626885
32239126
234660048
32384718
31791810
41890490
209035302
228789885
236393423
49386231
234141511
35311579
39460664
242161394
226430228
36822677
206699136
205499737
227431857
240337775
208278808
229211615
230032027
223155352
201756284
211789634
233720926
210637588
213202686
232180519
227674541
221625340
47910642
213191567
40740008
232720275
213685596
232003363
214828397
50290850
210135947
39766474
34998401
212256678
212466076
37284324
212583694
202452649
230414003
234027293
41290201
200478832
234963932
32574147
213209697
209129917
46482482
201733855
51352421
203097625
215135484
32083402
35019126
226759196
47888266
229242462
204866972
246661513
50218562
237171215
232894782
230634123
234503749
210150622
32521185
25049891
208790981
37893141
209352098
239282600
226493796
240579646
41132465
210005011
217986354
213000254
228638504
43300433
214318967
241743216
216557279
206315894
48415596
35765211
50167504
233280845
201271737
228332113
203235031
235068449
230005097
1961352161512320
45015373
211407694
207298930
39599706
245076515
47419823
39722962
243134493
234761030
206630318
227503426
210133049
37896281
209562344
217100576
38186990
238167045
40879903
33888919
230844316
206959675
37202093
200876219
49806757
202399739
202704798
245164487
229839514
38518907
206732279
233729255
32809713
211391217
229574855
159148
38358928
210690360
230734857
43904726
233732544
50319912
43282441
36789303
206215244
237139668
204833345
43886393
47202553
211558613
233983289
37303791
234896505
49301941
210362510
210044067
213142777
43301636
33635162
213348780
230451226
200439956
200167302
43749498
212969065
237884117
227981619
200164202
201544195
42964266
1990188684683968
237812826
215668130
238875957
218651311
37301573
230075796
209652163
214566305
49020431
207456938
44781434
245902755
204412661
226055734
235916517
244080354
238897529
205009866
201334320
226815867
221758761
112221
51392428
216726384
203724563
237241778
209584012
205656787
218802321
33322617
41086149
48802428
223326519
241237899
214837177
37315681
49796096
231529320
204965137
220605607
228735830
40780741
245345717
213928224
49052622
236764694
208958036
200331259
203926436
1975429292755648
231518132
28905874
42000446
36863344
236353670
229354843
236789304
204579198
47187596
38477803
213488817
36150020
214584122
220728602
228793855
35369017
235607086
202559032
40018469
38183103
216280140
209290566
49136553
206874146
202875762
42914036
211825366
207780021
238956334
231463723
213323899
226073625
32930592
41181014
227047609
44458275
203021616
201733894
206872786
48926464
37399519
33003189
210497991
235525539
227349567
65290
213272000
33291787
229883622
245410918
201781825
229251095
32777459
33244315
40028519
218885517
32516573
229887698
35033392
235016632
238638789
247516047
45014617
227928966
209988125
245817780
206533328
22415895
35335839
235855141
215001443
213477369
229036147
37085049
239827905
228602765
220489835
237572448
247293748
241759034
45950548
245066353
34993930
242985166
43445006
40667365
1961059638872224
39668635
228539545
212879181
228534787
222011371
216216762
230422745
221333263
244904366
234016309
204735421
202913330
226366352
226556952
212778872
40534520
47140901
34278672
46724025
22386840
214708953
216573258
43578632
235229985
40697847
205033837
201120244
200002274
244344041
227561965
220942526
34411428
208902469
219167070
50260215
46566820
226588322
219910829
246820169
204220446
228136512
216505661
202060727
217701956
233707774
208327643
201349009
228545768
238259334
48761624
43864587
48276247
217759510
233798589
213886438
209081495
205343004
234314569
38442018
44851434
36688408
1957654486092384
235800448
234288170
213318448
42382733
232552804
246946628
219277549
35958457
33113692
211504028
221778573
44304653
203877184
215148076
32924435
44904092
32534483
215021109
34706740
200819524
202600365
207600739
220469902
210464567
39093060
229515792
216303692
218484175
200148581
41531161
47470599
240812304
201786302
245078316
28728876
236538508
34321161
48065624
232856199
49078869
34086065
204979433
44152513
241251721
204090055
49345426
214683235
202786492
34539728
227003557
232321578
39949350
39607909
245895366
34591814
243810949
33125845
236073195
42918603
1968180751430368
35333725
207602138
1991824979266464
48569215
50141700
201462362
227455420
48945891
201769030
244373213
215703639
208979865
234736690
203995528
47944710
49658592
200575868
1961672558684544
202091627
48655506
247828817
208519992
202736831
218452057
39339136
216176913
210943543
207374731
227487252
105963
42532373
37972361
202151701
220758449
40398161
209655506
203909934
235178394
50651384
42889145
207601252
50417989
225801114
227159027
226418726
231730577
43242429
209421171
209231392
202672861
234617048
48869705
205236759
33180586
245926974
200097499
202780305
206039600
237954127
226912892
231216783
39887585
47450645
50425368
201857332
38442164
226717918
216577097
205304007
31775942
235567309
202387804
215124514
212048581
212749482
50086450
45446612
233064212
211441576
231660182
239651778
216372931
233827128
219840745
203664980
220725122
50110023
209046813
218196399
36393475
231554994
200998872
229958746
204934432
219422593
241793564
234001633
1999473983547904
210125832
228648863
129856
32692071
43276513
187545
209564595
34843578
213551809
33964335
39421214
50213772
218491673
35965844
206617016
40124181
212092345
227224388
33408182
42139249
232542402
47017023
205722922
37597448
200098406
41031621
230741228
214961517
227817386
214094310
33987587
40393671
51229190
43303124
218553556
202500126
229367589
211139638
43178926
31826655
38503384
48885165
232084744
229985420
242442889
241907986
201401820
43351573
226101585
226654219
208752974
226986692
204241004
200747611
39158922
229432750
234445302
33086299
234889311
49151348
228673839
227601259
49686112
212900943
42711435
209827107
221229366
208151809
222356553
227759459
32624462
235337334
231286087
40863244
39620706
43092853
205693221
227742568
218176670
234049027
231565687
34619618
217968259
47139008
35669762
36890650
42171495
215843785
204760451
209411160
202651401
45047948
33170610
38377366
49251407
233192749
223188136
241413236
219349484
245848001
203880692
37031477
236488188
226878899
232391157
230911818
38026924
208146992
235625199
37203306
217680760
34709431
231883287
32723023
37395532
203995767
50381135
204837414
209705984
209646865
231956959
236013238
224115714
41064326
45481179
213577295
208033736
211379222
35678341
237527755
202754203
232459750
210346802
208654587
228978996
213352287
219584355
226915532
231998195
207242105
213120311
233274537
201677142
234522633
243828641
224569784
245396791
227786414
44640337
232667247
238495975
231195623
41719776
41303258
242622347
218378076
480346
231216364
33138377
232897664
38937922
227286538
222606349
38790063
49541591
1980597853195136
245727647
207779441
42003564
205970262
37214431
214221143
200091364
209507508
240004135
220376112
202280142
31770632
202647735
33128819
40076498
32176566
49035761
49103089
237847399
44969720
50261158
238726994
35931619
212185385
48569382
51098282
205138193
39241873
231087250
235341584
39768856
35146277
220937495
206186674
34369905
227689486
203074466
40469783
229941975
221578794
213751927
200170495
33642898
223944828
51174828
432030
210951388
231774496
229074467
233435507
37804877
232460672
47177881
37197599
37824720
229458271
51014036
35657833
200150054
227279582
205989771
200218566
224843840
202615955
229623019
349406
229789503
229983668
218742047
1995730687937216
226634629
203050405
210399334
46567067
221300944
32035962
40788262
221975559
214925525
35987554
201539760
231951624
233220426
41887852
44450228
49832705
237604541
244929991
38551420
219589992
213421783
226525869
210612616
240704629
35423200
220160439
212995301
50181609
32789236
215793559
231191261
41556860
201334892
40723957
200748391
34326266
225906158
231874928
208910004
232769729
47024047
43663644
242978819
210166225
213416323
247395384
246529938
37401148
232402645
50393927
41105255
235968191
206068010
213795984
202013414
233970310
200730457
231771491
34503053
206055793
32791101
228193544
44298849
50188454
45222376
204289637
230750347
32555542
230137053
214331032
235968998
235076766
218604172
246355261
243411205
213511552
235068218
205200336
209558759
215273435
220645288
243200160
242433326
33167017
41688344
40862508
210581506
371625
214493984
233728975
47610473
39044212
213409488
228820571
210031267
212466194
38461814
235122068
208500815
214859963
50046572
201148136
47521387
36953169
205458503
231773126
34788855
219986258
235485090
214523555
33830988
232839851
46916601
209392852
216552804
202934183
46536866
204532824
31957389
39664952
207366858
33062325
214807202
231282244
205302149
202249219
245554121
40134118
230129558
228152481
50299022
44055801
207404480
202280556
209166232
229432404
234727536
212800824
50019008
231736090
246937614
227050850
203466927
220285497
48623725
231196921
238242785
211296644
37591740
47528077
42953041
204337463
243176372
41901945
245965044
206899515
229753139
204304197
35657426
215706874
236013721
35178330
230228749
41642147
222967271
209907886
34415317
238139216
42767657
242830623
34502002
242922047
49635752
240585235
213687970
49924232
231364645
49398901
38434858
212769073
219220544
226951917
216140899
34694106
37699386
39993422
234749637
216786645
34517518
43085105
42937873
31907670
33110883
227886051
41864866
42675541
38633920
208612853
35607193
222824995
244156054
50218593
43533097
35317877
202438438
217140446
49374876
233909182
220213797
38662784
234943638
217792645
235026925
231673614
212606963
204132727
41237658
34241915
240234952
314262
40500557
227818570
220964074
203131593
223864127
233822017
218690185
219994590
48340226
214886588
201629278
246029275
32244848
210503218
241509056
350751
47436136
44502225
32383578
233296978
205340465
220195973
208223066
225682214
40270952
236887237
207944175
202301914
233635189
42692347
237233265
236478149
202007237
243566615
33502665
204519694
235136434
1966892653439584
204255738
231925604
211050752
227064519
219118481
217924021
227776163
234979421
219513204
216084816
45057896
49630238
212900415
232071133
33316058
211469813
241292644
205512253
35909316
227765756
47200805
233293737
227402359
232219031
228093740
239869001
217192694
207809351
210369539
31958087
235325018
228728361
34346165
203698569
293434
38816027
247197061
218375356
221714787
211679106
242359178
34788941
46122193
201535200
220535922
46052413
42822221
51408
48890159
238423304
41290390
234088358
221499366
40414067
208067730
201989476
241770989
35176829
231191950
43952941
230986552
226202940
230464751
209982625
214304008
234857412
238221940
237820420
234125218
201608254
202732449
38706869
33565004
205410761
47558471
28992289
34501577
227616722
226927212
50398829
210157296
217838426
220794152
217145961
212517344
45268239
40403801
41093624
37612869
238008834
232079672
209454016
221297290
202171437
228552371
39518436
243848639
38164480
244420191
37478492
233900851
240176442
205101583
233480182
213418048
232333761
210266973
200835384
209871177
241870878
39765297
37472550
218440596
221703140
47657752
206888483
202038342
212097289
227697682
202847857
39761585
240008869
223474496
204103781
237252586
35021048
32875029
215749763
233416323
244302630
237420929
48143011
32875852
47255150
33701931
204217928
235718854
233491396
36089690
1964843177764992
213073314
42933046
200067702
215669611
219305952
40086952
34052349
200535831
233706196
200085339
235184562
228924941
32047551
235460414
39883510
237792264
208295118
236745075
205750761
38640386
220565196
212777958
216952642
231854724
232643833
218124307
233622838
237828029
235757721
207243963
33422633
50185901
217928787
240431905
203096635
226760389
238429933
210175506
47425342
200833307
241980116
33735395
47562937
205707414
234487601
218905956
216138384
237435517
226109904
223362925
213908498
240642095
36942345
206558891
238059033
205273531
214771207
240085690
200247172
42674654
229825109
226879735
243304541
203691590
229445082
231239288
232168772
239280527
213868561
214060184
207131459
36930233
234525038
213696972
223892426
207525406
245313604
214258356
232825577
50871897
228834105
201093243
237964683
205588988
47092029
240324395
40234460
206782480
42278540
39187774
230170637
201535934
210126803
50872535
34291485
236651412
238020570
42076532
36683145
238196432
220510457
47631624
217134
204311753
220957261
233960709
233960879
45797866
46504095
200320051
235660378
31728277
49749188
203460993
204822008
45220317
228938320
43548733
228569861
200675926
544694
226968523
231998630
43772133
211168912
237983296
221313541
203857041
229089371
217758567
31889620
44650674
244512033
243143547
239981633
40235735
245697413
45026855
239928667
40405071
212569366
49372737
235341911
224876180
210513324
202151061
237836176
37368660
217671294
221520355
41111069
33498417
200082101
47643833
234048303
37156929
233782030
213462345
1959169279797856
34147876
213845081
201406251
32684142
36136811
36620047
220191372
211326369
245393545
208827828
243905554
43035793
38470982
213399222
235589199
200438861
42934620
213111589
202464847
39459238
215045622
216225270
230206716
240511062
210716948
49693132
202555370
231271178
214390112
45665329
203989206
39449569
37352670
227631025
235262039
246302587
215541349
232360867
246921605
207780371
40889906
204199450
213529100
203893175
225715098
226926569
211304871
236255728
205768382
230204565
33802203
206531565
200638342
210972465
237918909
230328110
246126970
209575529
215605847
226801490
223323504
40815274
235846445
42666730
36522515
218592733
43814476
36629929
201937550
47840186
47828327
223407633
34561407
40152394
41363698
220722900
202196326
232670188
218570820
220120795
215737268
40790549
203444278
231502072
215664238
209110911
245795777
270953
245465355
455140
200626966
215138248
213685432
221278491
36945304
231593071
231211713
228630570
46719668
32358871
203437684
216960624
1960098581581344
38745573
209738080
237648988
49639924
237478349
233932085
230271444
220789353
236776379
242753929
230564429
218095546
45506247
230387873
237631081
240974084
98840
204419063
34410570
236929645
32641825
229922960
231774324
210522162
207428937
212830999
233286644
226691699
43198268
228861738
236415593
210908743
38329531
232895793
233397603
47902947
239827125
233812766
51285804
239813131
51297233
239047271
31658786
214935522
209231233
39946515
247080151
203347015
229317284
49571642
233232888
234176323
231804126
40442803
229389678
219023514
40719144
40350239
32493157
40751313
230619123
220330476
238640368
43275928
210150375
228012505
34950839
224174679
37356919
48619611
210649285
1964793026955936
32070756
236030324
213989691
42600552
222979475
34882466
43083302
208245455
223861984
235181171
229502530
43092207
38742273
214787566
2012953315928448
34887154
207501399
38777367
47255879
47799903
33147954
204142800
49326605
36778721
204783070
218565292
50942651
211596265
224105801
212866349
233309695
230215605
32503306
243358391
50368667
215906783
37869224
124112
228665279
227014308
206519968
244204552
203595503
38373316
227376325
234445724
244781149
43223780
243488618
220128564
229927899
242329694
205039890
204157337
49695968
239248329
200087283
231532046
209953691
230556273
33415530
202138501
240415632
48567647
233171490
50496438
230976516
46646475
202427921
213505515
231844836
32270653
234449269
41779236
200121766
202468059
243799850
215661064
208760850
231665583
32352369
234221134
221552271
218976155
32944583
51015624
215983288
235313009
233182886
47090734
42254687
231721368
47830040
216955553
234808383
231430620
212014612
42294318
231375710
1991054361635744
38028736
33176047
507962
202611052
47192906
37440235
241911868
230256552
226577995
42074931
204994775
201624873
203694237
239175028
228889586
243807932
201489748
244166354
34369442
36957521
39623297
207822747
231384952
244139968
2013730115782880
235131438
50175622
215360584
207984480
44321392
205047886
231214236
232410891
39467433
47166046
220603645
240235405
32106037
230383095
215300630
227896935
1996685250202176
42896890
42429942
222358117
36164758
31921154
45052163
221939120
237596116
42503487
49406380
228826106
37575321
31783467
201095162
48099735
244851796
235718997
201318299
31895753
229005622
229029379
205028303
231030412
239338519
229233828
51058971
231411464
31617131
235295730
36407713
212759888
201780524
218577881
51338401
211246648
212052762
2002267651099168
235194436
230451946
219423832
228161468
212032888
1976857783495040
35320285
202898144
201453433
233423098
219566134
247566932
205383982
235189752
203757041
208755116
210050710
230052941
47164490
206397
230618546
217499488
229048933
241565708
238084964
247780151
207228614
234520550
201196864
220496505
229973574
247714514
226991591
213496487
232696738
36326936
2005284810926912
229466695
201186060
229828619
1984467739323040
40661230
209133967
211531714
240118002
209911984
43295179
212324246
36962776
235286560
203916235
204614689
38311574
234039371
241788423
217117423
223342745
226567187
200442804
234974487
40017850
227754704
50938460
200671796
237498068
31798495
235092796
34970293
44271482
233302161
1962790000274304
202505675
208264598
219124272
230231935
211622495
226131651
207141434
226293313
35397638
244469812
234278700
40014063
223065258
202503947
233203236
215906985
205566702
227578380
50932413
213605490
213820847
46265342
41075064
219305817
207095045
235540277
36710104
208332780
227518396
39304298
36959069
233017382
202238421
207848851
241106005
210413163
217175309
34836638
32790653
34678938
202969276
38989887
45350568
40384731
38031605
35607125
219569958
247540700
37481398
229356528
238443698
219407778
238073572
207401726
34150342
46250277
217043928
42014208
49027830
40152074
220980753
234432228
237109318
44506397
47851265
32750926
220170280
33015163
35639706
48611066
230319284
241167422
42952435
39692004
226119561
228322563
218730390
47613046
234643720
239448852
207390192
201788440
220724849
210740105
38183443
50863003
42316481
39317758
37368433
42425932
236642734
217188185
201453941
202143868
209284158
232027247
227197634
50214970
230305613
221549930
233640845
44665855
43010361
44958889
239964037
230925126
218347605
236867763
200387150
228212945
233787009
1964093283183264
211648586
231513418
201848745
209208124
215783061
43327120
202895638
214677420
45952675
40874697
209448513
210949609
208179482
200289885
201758879
222911060
227860270
210140819
234000426
203396597
218099523
237760438
44496533
237679015
218998182
227814973
50575693
35398251
